3 0.7825 0.31166666666666665 0.02 0.03333333333333333
3 0.665625 0.315 0.02125 0.03
3 0.53625 0.32166666666666666 0.02 0.03
1 0.435625 0.2808333333333333 0.08125 0.03166666666666667
1 0.306875 0.2866666666666667 0.06625 0.02666666666666667
1 0.208125 0.2891666666666667 0.05875 0.035
1 0.794375 0.38416666666666666 0.04375 0.03166666666666667
1 0.6875 0.3958333333333333 0.07 0.04833333333333333
1 0.56625 0.395 0.09 0.04666666666666667
1 0.428125 0.37083333333333335 0.08125 0.03166666666666667
1 0.304375 0.385 0.06375 0.03333333333333333
1 0.19625 0.3858333333333333 0.0575 0.03833333333333333
1 0.548125 0.48833333333333334 0.06375 0.03666666666666667
1 0.16375 0.525 0.0675 0.043333333333333335
1 0.400625 0.5341666666666667 0.13875 0.03166666666666667
1 0.428125 0.5658333333333333 0.11875 0.028333333333333332
1 0.451875 0.6058333333333333 0.09375 0.028333333333333332
8 0.269375 0.66 0.24875 0.19
4 0.555 0.3125 0.095 0.11833333333333333
4 0.6825 0.31166666666666665 0.1025 0.12
4 0.801875 0.3075 0.10125 0.115
1 0.671875 0.6158333333333333 0.07125 0.03833333333333333
1 0.5325 0.17166666666666666 0.055 0.05
1 0.204375 0.16916666666666666 0.08875 0.055
5 0.431875 0.3025 0.10125 0.09833333333333333
5 0.31375 0.31333333333333335 0.1025 0.1
5 0.2075 0.31083333333333335 0.075 0.10166666666666667
0 0.318125 0.31833333333333336 0.38125 0.36666666666666664
0 0.68625 0.30833333333333335 0.385 0.33666666666666667
0 0.313125 0.6966666666666667 0.42875 0.4666666666666667
0 0.71125 0.6825 0.4125 0.455
