1 0.63625 0.20916666666666667 0.15 0.041666666666666664
1 0.756875 0.2683333333333333 0.14625 0.043333333333333335
1 0.765 0.33166666666666667 0.1625 0.03666666666666667
1 0.756875 0.4091666666666667 0.15625 0.041666666666666664
1 0.560625 0.4266666666666667 0.13625 0.03333333333333333
1 0.55125 0.3433333333333333 0.07 0.03333333333333333
3 0.5475 0.2875 0.0275 0.035
5 0.559375 0.3333333333333333 0.14625 0.16
1 0.606875 0.5966666666666667 0.06875 0.04
1 0.62875 0.525 0.1325 0.05
2 0.611875 0.6891666666666667 0.20375 0.145
1 0.251875 0.5075 0.08125 0.045
1 0.3275 0.575 0.065 0.03
1 0.1375 0.5616666666666666 0.0575 0.03333333333333333
1 0.22125 0.63 0.0625 0.04666666666666667
5 0.33 0.5766666666666667 0.09 0.06666666666666667
5 0.14 0.5625 0.105 0.075
5 0.22125 0.6366666666666667 0.11 0.09
3 0.095625 0.735 0.03125 0.04666666666666667
3 0.215 0.7441666666666666 0.0375 0.051666666666666666
3 0.336875 0.7525 0.04375 0.058333333333333334
1 0.2475 0.20416666666666666 0.125 0.041666666666666664
1 0.1425 0.3625 0.045 0.028333333333333332
1 0.240625 0.3625 0.06125 0.035
1 0.386875 0.31083333333333335 0.07375 0.028333333333333332
1 0.36625 0.4216666666666667 0.05 0.03
3 0.365 0.385 0.035 0.043333333333333335
3 0.149375 0.31916666666666665 0.03375 0.045
3 0.234375 0.3225 0.03125 0.03833333333333333
3 0.37375 0.2725 0.0325 0.041666666666666664
0 0.685625 0.3458333333333333 0.46375 0.375
0 0.69125 0.7158333333333333 0.5 0.5016666666666667
0 0.24625 0.6875 0.425 0.4716666666666667
0 0.2825 0.3125 0.3825 0.3283333333333333
