8 0.2125 0.7488888888888889 0.16 0.2311111111111111
2 0.18625 0.2833333333333333 0.04 0.051111111111111114
2 0.29125 0.2811111111111111 0.04 0.03777777777777778
2 0.409375 0.27444444444444444 0.03375 0.03777777777777778
5 0.414375 0.26666666666666666 0.11375 0.12444444444444444
5 0.186875 0.2633333333333333 0.10125 0.13111111111111112
3 0.5025 0.23333333333333334 0.0175 0.03111111111111111
3 0.600625 0.21 0.01625 0.024444444444444446
3 0.70375 0.20333333333333334 0.015 0.03777777777777778
4 0.52625 0.2222222222222222 0.0775 0.08888888888888889
4 0.6275 0.21333333333333335 0.0825 0.09777777777777778
4 0.733125 0.20777777777777778 0.08375 0.09555555555555556
1 0.176875 0.5622222222222222 0.11875 0.06222222222222222
1 0.39125 0.5766666666666667 0.1675 0.06444444444444444
1 0.53125 0.5433333333333333 0.0725 0.06
1 0.72875 0.3111111111111111 0.055 0.035555555555555556
1 0.629375 0.3322222222222222 0.07625 0.051111111111111114
1 0.5225 0.3488888888888889 0.07 0.044444444444444446
1 0.414375 0.35444444444444445 0.08625 0.04666666666666667
1 0.291875 0.34 0.06125 0.04
1 0.176875 0.35555555555555557 0.05375 0.04
1 0.29625 0.23666666666666666 0.0875 0.028888888888888888
1 0.63375 0.6666666666666666 0.115 0.044444444444444446
1 0.1675 0.12555555555555556 0.11 0.03777777777777778
1 0.51125 0.11555555555555555 0.06 0.06222222222222222
1 0.18875 0.24555555555555555 0.0825 0.03333333333333333
5 0.2975 0.25555555555555554 0.1025 0.12
1 0.729375 0.2088888888888889 0.07375 0.044444444444444446
1 0.64125 0.2088888888888889 0.05 0.03111111111111111
1 0.535625 0.23222222222222222 0.04375 0.03333333333333333
1 0.395 0.6344444444444445 0.1575 0.051111111111111114
1 0.395625 0.6966666666666667 0.13875 0.04666666666666667
