1 0.61125 0.025555555555555557 0.075 0.042222222222222223
1 0.63125 0.19333333333333333 0.0725 0.05333333333333334
1 0.75875 0.18777777777777777 0.09 0.04666666666666667
1 0.87 0.1711111111111111 0.055 0.04
4 0.635 0.18444444444444444 0.1025 0.15555555555555556
4 0.755625 0.18 0.10375 0.16
4 0.8775 0.1811111111111111 0.1075 0.1622222222222222
1 0.655625 0.4911111111111111 0.08375 0.044444444444444446
1 0.695625 0.7111111111111111 0.08875 0.12
1 0.47625 0.5911111111111111 0.1875 0.07555555555555556
1 0.471875 0.6633333333333333 0.18375 0.05555555555555555
1 0.449375 0.7244444444444444 0.14125 0.06222222222222222
6 0.30625 0.7288888888888889 0.1175 0.22666666666666666
1 0.246875 0.5022222222222222 0.09375 0.05333333333333334
1 0.250625 0.14777777777777779 0.08125 0.05555555555555555
1 0.44125 0.15555555555555556 0.0725 0.07111111111111111
1 0.3425 0.27444444444444444 0.0525 0.051111111111111114
2 0.434375 0.21222222222222223 0.04625 0.051111111111111114
2 0.341875 0.33444444444444443 0.06125 0.07333333333333333
2 0.2425 0.19444444444444445 0.055 0.051111111111111114
5 0.438125 0.18666666666666668 0.08875 0.16
5 0.345625 0.3244444444444444 0.10375 0.19555555555555557
5 0.249375 0.16666666666666666 0.09875 0.16
1 0.246875 0.03 0.09625 0.051111111111111114
0 0.3575 0.23777777777777778 0.4325 0.47555555555555556
0 0.749375 0.24 0.41375 0.48
0 0.76625 0.7277777777777777 0.39 0.54
0 0.361875 0.7222222222222222 0.43875 0.5555555555555556
