1 0.835 0.13790035587188612 0.17 0.0693950177935943
1 0.604375 0.36298932384341637 0.13875 0.0498220640569395
1 0.645 0.06138790035587188 0.2 0.07295373665480427
1 0.595 0.24288256227758007 0.075 0.051601423487544484
3 0.58875 0.19128113879003558 0.04 0.051601423487544484
5 0.593125 0.21619217081850534 0.12125 0.18683274021352314
1 0.66625 0.5542704626334519 0.195 0.0800711743772242
1 0.686875 0.6921708185053381 0.06875 0.042704626334519574
1 0.1575 0.5444839857651246 0.0875 0.06761565836298933
1 0.26125 0.6307829181494662 0.08 0.04804270462633452
1 0.07625 0.6565836298932385 0.07 0.05338078291814947
1 0.173125 0.7562277580071174 0.07875 0.07473309608540925
5 0.171875 0.7624555160142349 0.14375 0.14768683274021352
5 0.255 0.6352313167259787 0.14 0.11743772241992882
5 0.074375 0.6583629893238434 0.13375 0.12455516014234876
0 0.265625 0.7473309608540926 0.53125 0.505338078291815
0 0.260625 0.25355871886120995 0.51625 0.5071174377224199
1 0.135 0.07295373665480427 0.155 0.07473309608540925
1 0.381875 0.1094306049822064 0.09875 0.05516014234875445
1 0.4025 0.4101423487544484 0.065 0.05516014234875445
1 0.17875 0.29804270462633453 0.065 0.05516014234875445
1 0.04875 0.302491103202847 0.0475 0.042704626334519574
3 0.33125 0.0809608540925267 0.04 0.0693950177935943
3 0.1725 0.23754448398576514 0.0425 0.05516014234875445
3 0.04875 0.25355871886120995 0.0425 0.05871886120996441
3 0.369375 0.3603202846975089 0.04625 0.0693950177935943
1 0.844375 0.23665480427046262 0.18875 0.05338078291814947
1 0.825625 0.34786476868327404 0.16375 0.04804270462633452
0 0.754375 0.25355871886120995 0.49125 0.5071174377224199
2 0.69875 0.7660142348754448 0.15 0.14412811387900357
0 0.750625 0.7304270462633452 0.49875 0.5391459074733096
3 0.31875 0.8603202846975089 0.0375 0.05516014234875445
3 0.17375 0.9323843416370107 0.0325 0.046263345195729534
3 0.02875 0.8790035587188612 0.03 0.05338078291814947
