1 0.0525 0.035 0.09 0.043333333333333335
1 0.015 0.105 0.025 0.03
1 0.10875 0.11 0.125 0.04
1 0.5225 0.06916666666666667 0.0725 0.07166666666666667
1 0.5675 0.24916666666666668 0.1975 0.225
1 0.5425 0.5183333333333333 0.0775 0.043333333333333335
1 0.6975 0.5975 0.25 0.051666666666666666
1 0.85625 0.8033333333333333 0.06 0.04666666666666667
1 0.715625 0.795 0.06125 0.06
1 0.575 0.7833333333333333 0.0525 0.05333333333333334
1 0.113125 0.5383333333333333 0.08625 0.056666666666666664
7 0.235625 0.6841666666666667 0.36125 0.325
5 0.56875 0.6941666666666667 0.095 0.10833333333333334
5 0.721875 0.6991666666666667 0.10875 0.125
5 0.854375 0.7033333333333334 0.08875 0.13
4 0.81625 0.24583333333333332 0.225 0.2683333333333333
4 0.55125 0.4075 0.1225 0.055
2 0.2475 0.25333333333333335 0.33 0.3433333333333333
4 0.6875 0.5183333333333333 0.125 0.056666666666666664
1 0.24 0.24916666666666668 0.075 0.06833333333333333
1 0.22625 0.32666666666666666 0.155 0.056666666666666664
1 0.545625 0.41 0.08125 0.03333333333333333
1 0.811875 0.175 0.08125 0.05333333333333334
1 0.690625 0.5158333333333334 0.08625 0.03833333333333333
1 0.5675 0.665 0.0475 0.03666666666666667
1 0.719375 0.6708333333333333 0.06375 0.035
1 0.850625 0.675 0.05125 0.04
3 0.135625 0.6816666666666666 0.02875 0.04666666666666667
3 0.205 0.645 0.04 0.03333333333333333
3 0.2675 0.6108333333333333 0.02 0.03166666666666667
3 0.34 0.5725 0.0425 0.035
3 0.568125 0.7008333333333333 0.02875 0.035
3 0.7125 0.7075 0.0425 0.035
3 0.841875 0.72 0.03375 0.03666666666666667
2 0.798125 0.265 0.09375 0.11
0 0.224375 0.23583333333333334 0.44625 0.4716666666666667
0 0.23 0.7266666666666667 0.46 0.49333333333333335
0 0.72125 0.7375 0.51 0.5016666666666667
0 0.72625 0.2425 0.53 0.44166666666666665
