1 0.533125 0.5366666666666666 0.05125 0.05555555555555555
1 0.62125 0.7311111111111112 0.0675 0.05333333333333334
1 0.3675 0.5922222222222222 0.1625 0.06888888888888889
1 0.3925 0.6755555555555556 0.1425 0.06666666666666667
1 0.388125 0.7577777777777778 0.10125 0.057777777777777775
1 0.073125 0.5544444444444444 0.05125 0.06444444444444444
1 0.413125 0.18666666666666668 0.09625 0.057777777777777775
5 0.416875 0.21666666666666667 0.12875 0.18888888888888888
1 0.425 0.33666666666666667 0.0725 0.051111111111111114
3 0.52875 0.18555555555555556 0.02 0.028888888888888888
4 0.559375 0.2088888888888889 0.09125 0.11555555555555555
1 0.5525 0.2911111111111111 0.0525 0.05333333333333334
1 0.649375 0.2922222222222222 0.05125 0.04666666666666667
1 0.736875 0.26666666666666666 0.03625 0.035555555555555556
3 0.63625 0.18444444444444444 0.0225 0.03111111111111111
4 0.6575 0.21 0.07 0.10444444444444445
3 0.729375 0.18777777777777777 0.01875 0.028888888888888888
4 0.750625 0.20222222222222222 0.07375 0.08888888888888889
1 0.294375 0.17888888888888888 0.08625 0.03777777777777778
5 0.2925 0.2111111111111111 0.1175 0.17777777777777778
1 0.28 0.33111111111111113 0.05 0.044444444444444446
1 0.149375 0.18777777777777777 0.08875 0.05555555555555555
5 0.148125 0.22 0.11875 0.17777777777777778
1 0.13125 0.06 0.0675 0.04888888888888889
1 0.124375 0.3388888888888889 0.04875 0.05555555555555555
8 0.170625 0.7844444444444445 0.24875 0.31555555555555553
1 0.514375 0.051111111111111114 0.04625 0.05333333333333334
0 0.255 0.2633333333333333 0.4675 0.5133333333333333
0 0.71 0.24888888888888888 0.4675 0.47555555555555556
0 0.73875 0.7277777777777777 0.5125 0.5355555555555556
0 0.251875 0.7322222222222222 0.50375 0.5266666666666666
