0 0.6875 0.2757936507936508 0.425 0.4166666666666667
0 0.693125 0.6954365079365079 0.41625 0.4226190476190476
0 0.26875 0.7023809523809523 0.4425 0.4126984126984127
0 0.265 0.28075396825396826 0.43 0.4226190476190476
4 0.553125 0.2867063492063492 0.09125 0.16468253968253968
3 0.524375 0.28075396825396826 0.02125 0.03373015873015873
1 0.56125 0.30357142857142855 0.0575 0.047619047619047616
4 0.69625 0.2757936507936508 0.09 0.16666666666666666
3 0.68 0.25396825396825395 0.0225 0.031746031746031744
1 0.70875 0.2896825396825397 0.075 0.047619047619047616
1 0.388125 0.3968253968253968 0.12375 0.03968253968253968
1 0.125625 0.41369047619047616 0.06375 0.0496031746031746
1 0.226875 0.3998015873015873 0.05625 0.037698412698412696
1 0.556875 0.42658730158730157 0.10375 0.06349206349206349
1 0.6975 0.40773809523809523 0.0875 0.06944444444444445
1 0.816875 0.39186507936507936 0.05625 0.0496031746031746
8 0.228125 0.7718253968253969 0.23625 0.31746031746031744
1 0.1325 0.11210317460317461 0.115 0.06547619047619048
1 0.10375 0.2767857142857143 0.05 0.041666666666666664
1 0.2325 0.2619047619047619 0.0775 0.023809523809523808
1 0.37875 0.2757936507936508 0.095 0.05555555555555555
1 0.525 0.10615079365079365 0.06 0.037698412698412696
4 0.823125 0.2619047619047619 0.09625 0.1746031746031746
3 0.794375 0.22916666666666666 0.02125 0.041666666666666664
1 0.83 0.24603174603174602 0.0475 0.03571428571428571
1 0.1525 0.5545634920634921 0.0825 0.037698412698412696
1 0.5475 0.5505952380952381 0.08 0.05357142857142857
