0 0.263125 0.2733333333333333 0.52625 0.4533333333333333
0 0.745 0.30333333333333334 0.51 0.47
0 0.248125 0.705 0.49625 0.44333333333333336
0 0.7375 0.7091666666666666 0.525 0.435
1 0.0975 0.0775 0.135 0.06833333333333333
1 0.07625 0.4091666666666667 0.0825 0.06166666666666667
1 0.239375 0.41333333333333333 0.07375 0.04666666666666667
1 0.421875 0.4066666666666667 0.13125 0.05
5 0.10625 0.2808333333333333 0.125 0.14166666666666666
5 0.26125 0.2841666666666667 0.1275 0.135
7 0.1675 0.7341666666666666 0.2025 0.195
5 0.40625 0.28833333333333333 0.1325 0.13333333333333333
1 0.095 0.5425 0.115 0.055
1 0.720625 0.7275 0.14125 0.105
1 0.620625 0.5675 0.10875 0.051666666666666666
1 0.39 0.6091666666666666 0.18 0.055
1 0.3975 0.6516666666666666 0.165 0.03666666666666667
1 0.399375 0.7166666666666667 0.11125 0.06333333333333334
1 0.82125 0.475 0.165 0.06
1 0.873125 0.36333333333333334 0.19125 0.05
1 0.846875 0.25416666666666665 0.12875 0.051666666666666666
1 0.6525 0.14 0.11 0.05
3 0.59875 0.24583333333333332 0.0325 0.041666666666666664
1 0.6675 0.25333333333333335 0.08 0.04666666666666667
4 0.644375 0.24916666666666668 0.15625 0.07833333333333334
4 0.64375 0.3591666666666667 0.2175 0.075
3 0.5625 0.35833333333333334 0.0325 0.04
1 0.658125 0.3541666666666667 0.14625 0.045
4 0.64375 0.3591666666666667 0.2175 0.075
3 0.56 0.4608333333333333 0.03 0.041666666666666664
1 0.62875 0.46 0.0775 0.04
4 0.60875 0.46166666666666667 0.165 0.07
