0 0.76375 0.755 0.4675 0.49
7 0.21375 0.7791666666666667 0.225 0.3016666666666667
3 0.673125 0.1825 0.02125 0.035
3 0.66875 0.3325 0.0175 0.025
3 0.69 0.46416666666666667 0.0175 0.025
4 0.70875 0.19583333333333333 0.0975 0.09833333333333333
5 0.13875 0.22833333333333333 0.09 0.14333333333333334
4 0.71375 0.33916666666666667 0.13 0.11833333333333333
4 0.72375 0.4675 0.105 0.085
1 0.73125 0.46166666666666667 0.05 0.03
1 0.724375 0.3258333333333333 0.08875 0.035
1 0.7175 0.18666666666666668 0.0575 0.043333333333333335
1 0.576875 0.1125 0.05875 0.035
1 0.82875 0.20166666666666666 0.1 0.043333333333333335
1 0.865625 0.31833333333333336 0.15125 0.043333333333333335
1 0.86125 0.45916666666666667 0.14 0.03833333333333333
1 0.581875 0.5458333333333333 0.06125 0.03833333333333333
1 0.62625 0.7541666666666667 0.0675 0.04833333333333333
0 0.75625 0.30416666666666664 0.4425 0.43166666666666664
5 0.27125 0.23 0.095 0.12333333333333334
5 0.400625 0.2225 0.08875 0.11833333333333333
1 0.43125 0.30833333333333335 0.125 0.043333333333333335
1 0.284375 0.31333333333333335 0.07375 0.04
1 0.14375 0.33166666666666667 0.07 0.05333333333333334
1 0.14625 0.09416666666666666 0.09 0.03166666666666667
0 0.305 0.29833333333333334 0.475 0.46
0 0.2925 0.7566666666666667 0.49 0.4866666666666667
1 0.426875 0.63 0.16625 0.05333333333333334
1 0.435 0.6908333333333333 0.1775 0.051666666666666666
1 0.401875 0.7533333333333333 0.11125 0.04
1 0.115625 0.5583333333333333 0.06875 0.03666666666666667
