1 0.135625 0.10285132382892057 0.09125 0.06720977596741344
0 0.1225 0.24439918533604887 0.13 0.17922606924643583
0 0.26125 0.23319755600814665 0.13 0.20162932790224034
0 0.40375 0.2240325865580448 0.145 0.19959266802443992
1 0.104375 0.37780040733197556 0.07875 0.05091649694501019
1 0.24875 0.37678207739307534 0.09 0.05702647657841141
1 0.4025 0.38085539714867617 0.125 0.06517311608961303
1 0.53375 0.05702647657841141 0.0725 0.05295315682281059
4 0.563125 0.26578411405295316 0.13625 0.1934826883910387
4 0.74875 0.2637474541751528 0.1825 0.18533604887983707
4 0.905625 0.2637474541751528 0.10625 0.18533604887983707
1 0.561875 0.3910386965376782 0.10625 0.04480651731160896
1 0.72875 0.39613034623217924 0.0825 0.05091649694501019
1 0.903125 0.390020366598778 0.08625 0.05091649694501019
1 0.10375 0.5794297352342159 0.0975 0.07942973523421588
8 0.143125 0.8116089613034623 0.21875 0.28716904276985744
1 0.356875 0.6863543788187373 0.19875 0.12627291242362526
1 0.5725 0.5743380855397149 0.0925 0.06109979633401222
1 0.68875 0.785132382892057 0.145 0.09979633401221996
1 0.375625 0.7942973523421588 0.21125 0.05295315682281059
1 0.376875 0.884928716904277 0.18375 0.07535641547861507
1 0.128125 0.19959266802443992 0.08625 0.04073319755600815
1 0.25875 0.17820773930753564 0.1025 0.04684317718940937
1 0.399375 0.17718940936863545 0.14625 0.06109979633401222
1 0.585625 0.2535641547861507 0.06375 0.05091649694501019
1 0.764375 0.27494908350305497 0.11875 0.0855397148676171
1 0.91125 0.26578411405295316 0.0475 0.054989816700611
2 0.1225 0.2576374745417515 0.065 0.054989816700611
2 0.255 0.24745417515274948 0.05 0.038696537678207736
2 0.3875 0.2515274949083503 0.07 0.06313645621181263
3 0.539375 0.23828920570264767 0.04125 0.07331975560081466
3 0.699375 0.26171079429735233 0.03875 0.05091649694501019
3 0.878125 0.2545824847250509 0.01875 0.048879837067209775
0 0.250625 0.25661914460285135 0.48125 0.47657841140529533
0 0.744375 0.2861507128309572 0.50625 0.5560081466395111
0 0.245625 0.7443991853360489 0.49125 0.5030549898167006
0 0.7425 0.7423625254582484 0.51 0.5030549898167006
