1 0.143125 0.15583333333333332 0.08375 0.045
1 0.1575 0.39666666666666667 0.0575 0.056666666666666664
1 0.299375 0.37583333333333335 0.06875 0.035
1 0.450625 0.365 0.09625 0.04
5 0.175625 0.2625 0.14125 0.145
5 0.334375 0.25166666666666665 0.12125 0.13
5 0.46875 0.2525 0.12 0.13166666666666665
4 0.6225 0.26666666666666666 0.11 0.12666666666666668
4 0.76625 0.2608333333333333 0.105 0.135
4 0.90125 0.2475 0.105 0.12833333333333333
1 0.611875 0.4041666666666667 0.08625 0.051666666666666666
1 0.761875 0.3875 0.07625 0.051666666666666666
1 0.901875 0.36083333333333334 0.05125 0.035
1 0.139375 0.5341666666666667 0.07625 0.055
1 0.4 0.5625 0.1525 0.04833333333333333
1 0.42625 0.6233333333333333 0.16 0.04666666666666667
1 0.45375 0.6775 0.115 0.03833333333333333
1 0.601875 0.5341666666666667 0.07625 0.045
1 0.710625 0.6566666666666666 0.10375 0.04666666666666667
1 0.584375 0.165 0.05125 0.04
8 0.254375 0.7025 0.24875 0.21166666666666667
3 0.589375 0.26916666666666667 0.02125 0.035
3 0.733125 0.25916666666666666 0.01875 0.03833333333333333
3 0.875 0.24166666666666667 0.02 0.03666666666666667
1 0.178125 0.25333333333333335 0.11125 0.04
1 0.335 0.2475 0.0925 0.035
1 0.47125 0.2375 0.105 0.045
0 0.31375 0.3175 0.475 0.39166666666666666
0 0.766875 0.30416666666666664 0.46375 0.405
0 0.31625 0.7008333333333333 0.5 0.4216666666666667
0 0.770625 0.6725 0.45625 0.4216666666666667
