1 0.155625 0.36583333333333334 0.07875 0.055
1 0.265 0.3325 0.075 0.045
1 0.39875 0.3075 0.1275 0.058333333333333334
5 0.1825 0.245 0.1 0.14
5 0.28625 0.23 0.0775 0.10666666666666667
5 0.365 0.21916666666666668 0.0775 0.08833333333333333
1 0.16125 0.12333333333333334 0.085 0.04
1 0.1325 0.5458333333333333 0.0875 0.04833333333333333
7 0.28375 0.6783333333333333 0.27 0.22666666666666666
1 0.476875 0.5425 0.15125 0.041666666666666664
1 0.478125 0.5925 0.14125 0.051666666666666666
1 0.489375 0.645 0.09875 0.05
1 0.7575 0.6258333333333334 0.1325 0.058333333333333334
1 0.6 0.49666666666666665 0.075 0.03333333333333333
1 0.699375 0.4066666666666667 0.05875 0.03
1 0.841875 0.38666666666666666 0.13125 0.03
1 0.81375 0.2708333333333333 0.145 0.041666666666666664
1 0.761875 0.1425 0.10375 0.028333333333333332
3 0.64875 0.4125 0.0325 0.03833333333333333
3 0.64875 0.2925 0.03 0.035
1 0.69625 0.2875 0.0625 0.028333333333333332
3 0.628125 0.15833333333333333 0.01625 0.03333333333333333
1 0.663125 0.155 0.04625 0.023333333333333334
1 0.556875 0.1125 0.04875 0.03833333333333333
0 0.318125 0.3016666666666667 0.46125 0.43666666666666665
0 0.7125 0.275 0.3975 0.38333333333333336
0 0.346875 0.6991666666666667 0.51875 0.4816666666666667
0 0.744375 0.6916666666666667 0.40125 0.49
