1 0.658125 0.6391666666666667 0.19875 0.065
1 0.20875 0.20083333333333334 0.05 0.03166666666666667
1 0.26 0.2475 0.165 0.04833333333333333
1 0.328125 0.35 0.04875 0.03666666666666667
1 0.31375 0.4041666666666667 0.1275 0.03833333333333333
1 0.545625 0.22083333333333333 0.06125 0.051666666666666666
1 0.5875 0.3375 0.1575 0.13833333333333334
1 0.74625 0.32916666666666666 0.0575 0.04833333333333333
1 0.53875 0.445 0.0375 0.02666666666666667
1 0.51625 0.5458333333333333 0.0575 0.03833333333333333
1 0.645 0.5766666666666667 0.0625 0.03666666666666667
1 0.560625 0.7058333333333333 0.04875 0.041666666666666664
1 0.656875 0.6966666666666667 0.06625 0.03666666666666667
1 0.75 0.7058333333333333 0.0425 0.035
1 0.76 0.8275 0.0425 0.051666666666666666
1 0.66125 0.8183333333333334 0.0475 0.056666666666666664
1 0.55 0.8041666666666667 0.045 0.051666666666666666
2 0.29875 0.37583333333333335 0.2375 0.17166666666666666
2 0.7425 0.3875 0.0975 0.085
4 0.754375 0.36666666666666664 0.17625 0.21
3 0.36625 0.615 0.0375 0.056666666666666664
3 0.305 0.6208333333333333 0.0275 0.035
3 0.22125 0.6616666666666666 0.0325 0.03666666666666667
3 0.15375 0.67 0.0275 0.04
1 0.151875 0.5575 0.07375 0.051666666666666666
7 0.264375 0.6833333333333333 0.37875 0.25666666666666665
5 0.556875 0.7166666666666667 0.09375 0.11666666666666667
5 0.655625 0.7275 0.09875 0.125
5 0.75 0.7358333333333333 0.085 0.125
4 0.648125 0.5791666666666667 0.10375 0.06833333333333333
0 0.295625 0.3383333333333333 0.39875 0.36666666666666664
0 0.694375 0.3641666666666667 0.43625 0.3983333333333333
0 0.70125 0.7291666666666666 0.4725 0.435
0 0.2625 0.7166666666666667 0.445 0.41
