0 0.2775 0.27079646017699116 0.4225 0.42123893805309737
0 0.725 0.26194690265486725 0.4175 0.3858407079646018
0 0.26375 0.7061946902654868 0.435 0.41415929203539825
0 0.6775 0.6982300884955752 0.355 0.34513274336283184
1 0.141875 0.1079646017699115 0.09125 0.08495575221238938
1 0.550625 0.11858407079646018 0.06375 0.07079646017699115
1 0.161875 0.21327433628318584 0.08625 0.047787610619469026
1 0.259375 0.22831858407079647 0.07875 0.05663716814159292
1 0.393125 0.2415929203539823 0.13625 0.07610619469026549
1 0.59625 0.24867256637168142 0.055 0.047787610619469026
1 0.689375 0.24336283185840707 0.09875 0.047787610619469026
1 0.78875 0.24955752212389382 0.05 0.04247787610619469
1 0.5875 0.3858407079646018 0.075 0.049557522123893805
1 0.680625 0.38849557522123895 0.06875 0.0584070796460177
1 0.781875 0.3787610619469027 0.05125 0.04247787610619469
1 0.544375 0.5575221238938053 0.05875 0.05663716814159292
1 0.67875 0.6991150442477876 0.08 0.05663716814159292
1 0.400625 0.6663716814159292 0.14875 0.2
1 0.106875 0.5460176991150443 0.07375 0.05486725663716814
1 0.131875 0.368141592920354 0.06625 0.05663716814159292
1 0.24375 0.37256637168141593 0.06 0.03716814159292035
1 0.379375 0.3893805309734513 0.08625 0.07079646017699115
5 0.155625 0.23628318584070795 0.11375 0.1433628318584071
5 0.266875 0.24601769911504426 0.09375 0.15575221238938053
5 0.393125 0.24513274336283186 0.13375 0.1752212389380531
3 0.15875 0.27699115044247785 0.03 0.047787610619469026
3 0.26 0.28761061946902655 0.03 0.03716814159292035
3 0.379375 0.3035398230088496 0.03625 0.05132743362831858
4 0.59125 0.2761061946902655 0.07 0.12743362831858407
4 0.686875 0.2743362831858407 0.11125 0.1486725663716814
4 0.799375 0.27168141592920353 0.08875 0.13628318584070798
2 0.595625 0.3088495575221239 0.04125 0.03716814159292035
2 0.681875 0.3123893805309734 0.02625 0.04424778761061947
2 0.788125 0.30973451327433627 0.03875 0.049557522123893805
