1 0.17125 0.16666666666666666 0.05 0.04
1 0.156875 0.21583333333333332 0.02375 0.025
1 0.58 0.14666666666666667 0.0575 0.03333333333333333
1 0.63125 0.26666666666666666 0.17 0.16666666666666666
1 0.558125 0.53 0.05625 0.03333333333333333
1 0.685625 0.6033333333333334 0.19875 0.043333333333333335
1 0.586875 0.7833333333333333 0.03875 0.03666666666666667
1 0.675625 0.7791666666666667 0.04625 0.035
1 0.76875 0.7683333333333333 0.0425 0.03
1 0.124375 0.5275 0.05375 0.041666666666666664
7 0.25875 0.7341666666666666 0.335 0.365
5 0.58875 0.7016666666666667 0.065 0.08333333333333333
5 0.68 0.6958333333333333 0.0775 0.075
5 0.76875 0.6933333333333334 0.0575 0.07666666666666666
4 0.805 0.2575 0.175 0.22166666666666668
4 0.669375 0.5291666666666667 0.08375 0.058333333333333334
4 0.57625 0.3933333333333333 0.0775 0.056666666666666664
2 0.294375 0.29583333333333334 0.24125 0.28833333333333333
1 0.803125 0.21416666666666667 0.06375 0.051666666666666666
1 0.58125 0.39166666666666666 0.045 0.02666666666666667
1 0.674375 0.5333333333333333 0.06625 0.04
1 0.591875 0.6883333333333334 0.04625 0.04
1 0.674375 0.6858333333333333 0.05875 0.021666666666666667
1 0.770625 0.6841666666666667 0.02875 0.035
1 0.3075 0.2791666666666667 0.055 0.055
1 0.288125 0.37 0.12375 0.06
2 0.79375 0.30416666666666664 0.06 0.07833333333333334
3 0.1625 0.7258333333333333 0.055 0.06166666666666667
3 0.22875 0.695 0.04 0.07333333333333333
3 0.293125 0.6616666666666666 0.03375 0.06
3 0.346875 0.6358333333333334 0.03625 0.06166666666666667
3 0.595625 0.72 0.02375 0.02666666666666667
3 0.676875 0.7191666666666666 0.01625 0.028333333333333332
3 0.770625 0.7091666666666666 0.02125 0.028333333333333332
0 0.286875 0.25166666666666665 0.44125 0.44666666666666666
0 0.29 0.7233333333333334 0.44 0.47333333333333333
0 0.731875 0.7116666666666667 0.43125 0.46
0 0.723125 0.25833333333333336 0.42625 0.41333333333333333
