4 0.8375 0.2991666666666667 0.2 0.26166666666666666
2 0.85 0.32416666666666666 0.1025 0.095
1 0.82125 0.22583333333333333 0.075 0.045
1 0.570625 0.14166666666666666 0.06875 0.04666666666666667
1 0.61875 0.4216666666666667 0.045 0.02666666666666667
4 0.621875 0.42333333333333334 0.11375 0.05333333333333334
1 0.62375 0.275 0.1875 0.18666666666666668
1 0.37125 0.3408333333333333 0.0625 0.035
2 0.344375 0.30916666666666665 0.25625 0.28833333333333333
1 0.11375 0.14666666666666667 0.0825 0.03666666666666667
1 0.3425 0.4058333333333333 0.1425 0.041666666666666664
1 0.128125 0.555 0.06625 0.043333333333333335
3 0.38625 0.6525 0.035 0.035
3 0.335 0.6775 0.03 0.035
3 0.29125 0.6933333333333334 0.035 0.03666666666666667
3 0.236875 0.6983333333333334 0.03625 0.03666666666666667
7 0.3 0.7325 0.2925 0.275
1 0.728125 0.5525 0.06625 0.035
4 0.73625 0.5541666666666667 0.15 0.07166666666666667
1 0.59 0.5433333333333333 0.065 0.03333333333333333
1 0.726875 0.635 0.22125 0.05333333333333334
3 0.91125 0.7566666666666667 0.0475 0.04666666666666667
1 0.913125 0.7091666666666666 0.03875 0.025
5 0.911875 0.75 0.09875 0.13
5 0.78875 0.7458333333333333 0.1225 0.14166666666666666
5 0.64375 0.7383333333333333 0.0975 0.14333333333333334
3 0.64625 0.7441666666666666 0.05 0.04833333333333333
1 0.645 0.7058333333333333 0.05 0.035
1 0.65125 0.8408333333333333 0.0475 0.03166666666666667
1 0.795 0.8466666666666667 0.0525 0.03
1 0.92125 0.8391666666666666 0.0475 0.03166666666666667
1 0.79 0.7016666666666667 0.07 0.02666666666666667
1 0.2 0.19416666666666665 0.21 0.04833333333333333
0 0.288125 0.7383333333333333 0.49625 0.48333333333333334
0 0.268125 0.2816666666666667 0.49625 0.41333333333333333
0 0.76 0.2775 0.475 0.4483333333333333
0 0.766875 0.7483333333333333 0.45125 0.48
3 0.793125 0.7525 0.05375 0.055
