1 0.659375 0.15166666666666667 0.19375 0.07
3 0.5625 0.26666666666666666 0.03 0.04666666666666667
1 0.55875 0.3075 0.06 0.055
1 0.58375 0.395 0.13 0.04
1 0.75875 0.3466666666666667 0.17 0.05
1 0.774375 0.2866666666666667 0.19875 0.056666666666666664
1 0.7525 0.23333333333333334 0.1575 0.05
5 0.561875 0.2916666666666667 0.10125 0.14666666666666667
0 0.719375 0.31583333333333335 0.45625 0.445
1 0.238125 0.155 0.15125 0.06666666666666667
3 0.125 0.3408333333333333 0.035 0.058333333333333334
1 0.125 0.395 0.0475 0.04
1 0.23125 0.3925 0.0625 0.04833333333333333
3 0.2275 0.3375 0.0375 0.06166666666666667
3 0.34 0.275 0.045 0.05
1 0.356875 0.315 0.07875 0.02666666666666667
3 0.34875 0.39 0.0325 0.04
1 0.355 0.4375 0.055 0.035
0 0.286875 0.30916666666666665 0.45625 0.435
1 0.239375 0.5741666666666667 0.09375 0.058333333333333334
1 0.13625 0.6458333333333334 0.07 0.03833333333333333
1 0.218125 0.7183333333333334 0.06375 0.05333333333333334
1 0.333125 0.635 0.06875 0.03666666666666667
5 0.32625 0.6316666666666667 0.095 0.07333333333333333
5 0.13875 0.64 0.0925 0.07333333333333333
5 0.2175 0.7141666666666666 0.1025 0.065
3 0.113125 0.8141666666666667 0.03875 0.045
3 0.23375 0.8225 0.03 0.035
3 0.338125 0.7891666666666667 0.03375 0.03833333333333333
0 0.28875 0.7208333333333333 0.47 0.42833333333333334
1 0.665625 0.5758333333333333 0.16375 0.07166666666666667
1 0.68625 0.6516666666666666 0.0725 0.04
2 0.688125 0.735 0.17375 0.16333333333333333
0 0.726875 0.7291666666666666 0.44375 0.41833333333333333
