3 0.595 0.36615678776290633 0.015 0.0248565965583174
1 0.636875 0.36233269598470363 0.05125 0.032504780114722756
1 0.6625 0.245697896749522 0.1075 0.04780114722753346
3 0.5925 0.23804971319311663 0.015 0.0248565965583174
1 0.6475 0.13479923518164436 0.0675 0.05162523900573614
3 0.59375 0.12715105162523901 0.02 0.028680688336520075
4 0.635 0.13001912045889102 0.12 0.07265774378585087
4 0.650625 0.2447418738049713 0.14875 0.09177820267686425
4 0.6225 0.35850860420650094 0.1025 0.06309751434034416
1 0.79625 0.3489483747609943 0.1325 0.040152963671128104
1 0.81625 0.2323135755258126 0.1325 0.055449330783938815
1 0.79125 0.13766730401529637 0.0825 0.05353728489483748
1 0.540625 0.06405353728489484 0.04625 0.028680688336520075
1 0.680625 0.6701720841300192 0.08625 0.06309751434034416
1 0.573125 0.5497131931166348 0.05875 0.032504780114722756
1 0.4075 0.5783938814531548 0.1875 0.06692160611854685
1 0.41 0.6462715105162524 0.175 0.045889101338432124
1 0.37375 0.7323135755258127 0.0975 0.0497131931166348
1 0.10625 0.5487571701720841 0.0725 0.03824091778202677
7 0.22625 0.7571701720841301 0.1775 0.25621414913957935
5 0.135625 0.19694072657743786 0.07875 0.10707456978967496
5 0.256875 0.20363288718929254 0.07125 0.09751434034416825
5 0.39625 0.20267686424474188 0.08 0.10707456978967496
1 0.39125 0.2887189292543021 0.0825 0.03441682600382409
1 0.251875 0.2829827915869981 0.05375 0.030592734225621414
1 0.111875 0.2858508604206501 0.05375 0.032504780114722756
1 0.125 0.08795411089866156 0.0875 0.03824091778202677
0 0.74375 0.26673040152963673 0.4775 0.47992351816443596
0 0.27125 0.26481835564053535 0.485 0.47992351816443596
0 0.28125 0.7447418738049714 0.5075 0.5105162523900574
0 0.74625 0.7437858508604207 0.4775 0.5124282982791587
