1 0.814375 0.21 0.07375 0.04666666666666667
1 0.694375 0.21888888888888888 0.09875 0.042222222222222223
1 0.565 0.25555555555555554 0.09 0.06222222222222222
2 0.6875 0.3011111111111111 0.0475 0.04666666666666667
2 0.820625 0.2877777777777778 0.05375 0.05555555555555555
2 0.560625 0.30777777777777776 0.04875 0.06
1 0.554375 0.4955555555555556 0.09875 0.057777777777777775
1 0.608125 0.7144444444444444 0.07875 0.05555555555555555
1 0.3925 0.57 0.205 0.06888888888888889
7 0.1875 0.72 0.2025 0.37777777777777777
1 0.12375 0.3844444444444444 0.07 0.07111111111111111
3 0.364375 0.2788888888888889 0.03625 0.051111111111111114
3 0.251875 0.27444444444444444 0.03625 0.051111111111111114
3 0.14625 0.2733333333333333 0.0375 0.057777777777777775
1 0.54125 0.12777777777777777 0.0775 0.051111111111111114
1 0.405 0.6311111111111111 0.18 0.04888888888888889
1 0.423125 0.7166666666666667 0.08125 0.06444444444444444
1 0.163125 0.5066666666666667 0.09625 0.06222222222222222
1 0.243125 0.3844444444444444 0.07625 0.06666666666666667
1 0.389375 0.37666666666666665 0.11875 0.05555555555555555
1 0.14625 0.23 0.0775 0.03777777777777778
1 0.250625 0.22555555555555556 0.06875 0.028888888888888888
1 0.366875 0.24555555555555555 0.08125 0.042222222222222223
1 0.16875 0.10555555555555556 0.12 0.06888888888888889
5 0.14375 0.2577777777777778 0.09 0.1511111111111111
5 0.25 0.2544444444444444 0.085 0.14444444444444443
5 0.36375 0.26 0.0875 0.14222222222222222
4 0.564375 0.2722222222222222 0.11625 0.18444444444444444
4 0.68875 0.26 0.1125 0.19555555555555557
4 0.825 0.25222222222222224 0.1175 0.18888888888888888
1 0.55625 0.40555555555555556 0.1025 0.06444444444444444
1 0.698125 0.39666666666666667 0.08375 0.05555555555555555
1 0.82125 0.3888888888888889 0.0625 0.04
0 0.689375 0.27666666666666667 0.39875 0.3844444444444444
0 0.68375 0.7222222222222222 0.395 0.5466666666666666
0 0.2925 0.7133333333333334 0.4225 0.5244444444444445
0 0.293125 0.2688888888888889 0.41125 0.4177777777777778
