1 0.5925 0.17777777777777778 0.0525 0.04888888888888889
1 0.28875 0.1622222222222222 0.075 0.044444444444444446
1 0.2125 0.29333333333333333 0.1 0.044444444444444446
3 0.470625 0.3477777777777778 0.01875 0.028888888888888888
3 0.351875 0.3477777777777778 0.02625 0.03777777777777778
3 0.203125 0.35555555555555557 0.02625 0.035555555555555556
1 0.68875 0.72 0.055 0.03111111111111111
1 0.461875 0.6133333333333333 0.13125 0.04888888888888889
1 0.20375 0.5888888888888889 0.0725 0.04888888888888889
1 0.595 0.5777777777777777 0.0525 0.04888888888888889
1 0.36 0.2877777777777778 0.085 0.04666666666666667
1 0.479375 0.3022222222222222 0.08125 0.05333333333333334
5 0.21125 0.3277777777777778 0.1325 0.23333333333333334
5 0.355625 0.31555555555555553 0.12625 0.21777777777777776
5 0.476875 0.3244444444444444 0.09625 0.19555555555555557
1 0.20625 0.49 0.0525 0.042222222222222223
1 0.346875 0.4622222222222222 0.04125 0.04
1 0.47 0.4677777777777778 0.0675 0.042222222222222223
7 0.22625 0.7555555555555555 0.145 0.24444444444444444
1 0.4525 0.6588888888888889 0.125 0.042222222222222223
1 0.459375 0.7433333333333333 0.06125 0.07333333333333333
1 0.58875 0.43777777777777777 0.065 0.06222222222222222
1 0.7025 0.4255555555555556 0.0575 0.06444444444444444
1 0.821875 0.39444444444444443 0.04375 0.03777777777777778
1 0.816875 0.24555555555555555 0.04625 0.028888888888888888
1 0.706875 0.24888888888888888 0.08375 0.035555555555555556
1 0.595625 0.24666666666666667 0.05625 0.044444444444444446
4 0.83 0.2822222222222222 0.0975 0.12444444444444444
2 0.82 0.28555555555555556 0.035 0.03333333333333333
2 0.7025 0.29777777777777775 0.05 0.044444444444444446
2 0.593125 0.31222222222222223 0.03625 0.042222222222222223
4 0.7075 0.28888888888888886 0.0925 0.14222222222222222
4 0.603125 0.29444444444444445 0.08375 0.14888888888888888
0 0.73 0.3288888888888889 0.405 0.4177777777777778
0 0.33125 0.33444444444444443 0.4125 0.43333333333333335
0 0.335 0.7588888888888888 0.4125 0.47333333333333333
0 0.7325 0.75 0.4 0.4777777777777778
