1 0.169375 0.06333333333333334 0.08875 0.06888888888888889
1 0.476875 0.18222222222222223 0.15875 0.07555555555555556
1 0.325625 0.17666666666666667 0.10875 0.051111111111111114
1 0.19 0.15777777777777777 0.1075 0.07555555555555556
1 0.1475 0.3877777777777778 0.0725 0.06888888888888889
1 0.289375 0.3988888888888889 0.07125 0.06
1 0.451875 0.41 0.10875 0.08222222222222222
2 0.4775 0.2477777777777778 0.04 0.06
2 0.315625 0.2411111111111111 0.05125 0.06888888888888889
2 0.1675 0.23222222222222222 0.0425 0.07333333333333333
5 0.4775 0.21888888888888888 0.1725 0.2644444444444444
5 0.32625 0.21 0.13 0.23777777777777778
5 0.185 0.21666666666666667 0.1475 0.24222222222222223
0 0.30375 0.25555555555555554 0.5425 0.5111111111111111
3 0.83875 0.29555555555555557 0.0175 0.035555555555555556
3 0.68375 0.2733333333333333 0.015 0.022222222222222223
3 0.581875 0.25666666666666665 0.01375 0.028888888888888888
1 0.636875 0.1511111111111111 0.07875 0.057777777777777775
1 0.87 0.29777777777777775 0.0525 0.044444444444444446
1 0.745625 0.2833333333333333 0.12125 0.06
1 0.6225 0.27111111111111114 0.07 0.057777777777777775
1 0.85875 0.4388888888888889 0.05 0.042222222222222223
1 0.719375 0.4311111111111111 0.08125 0.057777777777777775
1 0.60375 0.3977777777777778 0.0625 0.06222222222222222
4 0.866875 0.3188888888888889 0.08625 0.14
4 0.745625 0.31 0.14875 0.14
4 0.619375 0.2911111111111111 0.09125 0.13333333333333333
0 0.760625 0.3011111111111111 0.40375 0.6022222222222222
1 0.625 0.58 0.0975 0.09777777777777778
1 0.666875 0.7655555555555555 0.12375 0.07333333333333333
1 0.4125 0.6033333333333334 0.205 0.09111111111111111
1 0.38875 0.6766666666666666 0.19 0.06444444444444444
1 0.39375 0.7611111111111111 0.1775 0.08222222222222222
1 0.155 0.5644444444444444 0.115 0.06666666666666667
8 0.155625 0.7977777777777778 0.24375 0.29777777777777775
0 0.75375 0.7477777777777778 0.4175 0.5044444444444445
0 0.28125 0.7411111111111112 0.5625 0.5177777777777778
