1 0.080625 0.0725 0.08125 0.03833333333333333
1 0.133125 0.36083333333333334 0.06375 0.03833333333333333
1 0.3125 0.33666666666666667 0.05 0.02666666666666667
1 0.48375 0.33 0.085 0.03
1 0.653125 0.2975 0.08375 0.045
1 0.783125 0.2625 0.06375 0.028333333333333332
1 0.88375 0.24083333333333334 0.0475 0.028333333333333332
1 0.136875 0.2275 0.09875 0.03833333333333333
1 0.31875 0.22 0.095 0.02666666666666667
1 0.48 0.22333333333333333 0.1075 0.03333333333333333
3 0.620625 0.20583333333333334 0.02125 0.028333333333333332
3 0.7475 0.19166666666666668 0.025 0.03
3 0.851875 0.17666666666666667 0.01875 0.023333333333333334
4 0.876875 0.17333333333333334 0.08875 0.10333333333333333
4 0.7625 0.18916666666666668 0.08 0.09166666666666666
4 0.64625 0.21083333333333334 0.09 0.09833333333333333
5 0.483125 0.22833333333333333 0.12375 0.15333333333333332
5 0.325625 0.22916666666666666 0.12875 0.14166666666666666
5 0.146875 0.24416666666666667 0.13625 0.15166666666666667
1 0.593125 0.04833333333333333 0.05125 0.03666666666666667
1 0.03375 0.5458333333333333 0.0675 0.041666666666666664
1 0.646875 0.48 0.05625 0.02666666666666667
1 0.416875 0.5308333333333334 0.21875 0.06166666666666667
1 0.4175 0.5816666666666667 0.21 0.05
1 0.401875 0.645 0.12375 0.03666666666666667
8 0.18875 0.7766666666666666 0.2375 0.24
1 0.8125 0.6316666666666667 0.1 0.04
0 0.79875 0.715 0.4025 0.57
0 0.323125 0.7283333333333334 0.64625 0.5433333333333333
0 0.776875 0.2325 0.44625 0.465
0 0.30125 0.2525 0.6025 0.505
