1 0.590625 0.165 0.07125 0.043333333333333335
1 0.57375 0.2808333333333333 0.0625 0.028333333333333332
1 0.684375 0.26666666666666666 0.06125 0.02
1 0.790625 0.26416666666666666 0.05125 0.028333333333333332
4 0.790625 0.2608333333333333 0.07875 0.07166666666666667
4 0.6825 0.2758333333333333 0.075 0.06833333333333333
4 0.574375 0.2758333333333333 0.08125 0.07833333333333334
1 0.60125 0.5133333333333333 0.0875 0.04
1 0.649375 0.625 0.06125 0.06
1 0.414375 0.595 0.19625 0.04
1 0.410625 0.6341666666666667 0.17625 0.03833333333333333
1 0.394375 0.6775 0.13875 0.045
1 0.155 0.5383333333333333 0.11 0.03666666666666667
6 0.206875 0.705 0.15375 0.21
2 0.66375 0.6516666666666666 0.1425 0.16666666666666666
0 0.2875 0.7216666666666667 0.46 0.5
0 0.740625 0.7091666666666666 0.46125 0.495
0 0.28875 0.2633333333333333 0.435 0.4266666666666667
0 0.720625 0.24583333333333332 0.43625 0.4083333333333333
1 0.233125 0.1625 0.15875 0.075
1 0.191875 0.25 0.07625 0.02666666666666667
1 0.350625 0.24583333333333332 0.07375 0.041666666666666664
1 0.260625 0.36333333333333334 0.07875 0.03333333333333333
2 0.181875 0.2925 0.03875 0.03833333333333333
2 0.34625 0.29083333333333333 0.0425 0.051666666666666666
2 0.243125 0.4166666666666667 0.04625 0.04
5 0.19 0.2733333333333333 0.09 0.11333333333333333
5 0.348125 0.2733333333333333 0.09125 0.12333333333333334
5 0.25625 0.38416666666666666 0.0975 0.13833333333333334
