0 0.2775 0.2504488330341113 0.4575 0.4362657091561939
0 0.713125 0.25493716337522443 0.45875 0.43087971274685816
0 0.27875 0.677737881508079 0.4625 0.44344703770197486
0 0.72125 0.6750448833034112 0.4425 0.4452423698384201
1 0.550625 0.5026929982046678 0.06625 0.03231597845601436
1 0.630625 0.6624775583482945 0.07875 0.03949730700179533
1 0.424375 0.5745062836624776 0.11875 0.06463195691202872
1 0.428125 0.6561938958707361 0.09875 0.059245960502693
1 0.414375 0.7423698384201077 0.08875 0.04847396768402154
7 0.25125 0.6983842010771992 0.2925 0.31597845601436264
1 0.105625 0.5080789946140036 0.08125 0.03590664272890485
1 0.118125 0.07899461400359066 0.09875 0.03949730700179533
1 0.144375 0.18581687612208259 0.10375 0.03411131059245961
1 0.286875 0.18402154398563733 0.11625 0.03052064631956912
1 0.435625 0.19748653500897667 0.12125 0.03949730700179533
3 0.1525 0.23159784560143626 0.045 0.05026929982046679
3 0.2875 0.2414721723518851 0.0325 0.04488330341113106
3 0.423125 0.24506283662477557 0.03125 0.04488330341113106
1 0.425625 0.3402154398563734 0.07625 0.03052064631956912
1 0.2625 0.33303411131059246 0.055 0.03411131059245961
1 0.13875 0.34201077199281865 0.06 0.05206463195691203
5 0.140625 0.21005385996409337 0.13125 0.15439856373429084
5 0.288125 0.21454219030520646 0.14625 0.18491921005385997
5 0.43625 0.21095152603231598 0.1325 0.19210053859964094
1 0.534375 0.08617594254937164 0.05375 0.03590664272890485
1 0.593125 0.18312387791741472 0.06375 0.03590664272890485
1 0.746875 0.19120287253141832 0.10625 0.03411131059245961
1 0.88125 0.1992818671454219 0.0475 0.03231597845601436
2 0.879375 0.28276481149012567 0.05125 0.059245960502693
1 0.870625 0.37971274685816875 0.04125 0.026929982046678635
1 0.74125 0.38061041292639136 0.0775 0.03949730700179533
1 0.58 0.37073608617594256 0.095 0.04129263913824058
2 0.745625 0.2719928186714542 0.05625 0.07001795332136446
2 0.57625 0.2621184919210054 0.0525 0.06104129263913824
4 0.581875 0.2289048473967684 0.13125 0.18491921005385997
4 0.74375 0.236983842010772 0.15 0.18312387791741472
4 0.87625 0.23967684021543986 0.0975 0.19210053859964094
