1 0.388125 0.35063752276867033 0.07875 0.04553734061930783
1 0.235625 0.3469945355191257 0.04875 0.04918032786885246
5 0.250625 0.2204007285974499 0.12125 0.15664845173041894
5 0.395 0.22404371584699453 0.1225 0.17122040072859745
1 0.08125 0.3542805100182149 0.0525 0.056466302367941715
5 0.108125 0.20309653916211293 0.11125 0.15482695810564662
1 0.10875 0.04644808743169399 0.0925 0.04918032786885246
1 0.529375 0.058287795992714025 0.05625 0.04007285974499089
4 0.620625 0.10382513661202186 0.08625 0.07650273224043716
1 0.626875 0.09836065573770492 0.04625 0.03278688524590164
3 0.591875 0.09562841530054644 0.01625 0.03825136612021858
1 0.770625 0.28051001821493626 0.15125 0.058287795992714025
1 0.760625 0.10382513661202186 0.08375 0.051001821493624776
1 0.785625 0.40619307832422585 0.13625 0.0546448087431694
1 0.640625 0.2604735883424408 0.06375 0.03642987249544627
3 0.595 0.2522768670309654 0.02 0.04189435336976321
4 0.624375 0.2641165755919854 0.10125 0.09107468123861566
3 0.5975 0.4089253187613843 0.02 0.04189435336976321
1 0.629375 0.4089253187613843 0.03625 0.03825136612021858
4 0.629375 0.4134790528233151 0.09875 0.09107468123861566
1 0.55125 0.5446265938069217 0.0875 0.04371584699453552
1 0.57625 0.73224043715847 0.0725 0.051001821493624776
1 0.380625 0.6056466302367942 0.14875 0.04189435336976321
1 0.37875 0.6675774134790529 0.1375 0.04189435336976321
1 0.365625 0.738615664845173 0.10375 0.04553734061930783
1 0.093125 0.5418943533697632 0.06125 0.03825136612021858
7 0.205625 0.7550091074681239 0.26375 0.2495446265938069
0 0.7325 0.2459016393442623 0.5225 0.48816029143898
0 0.7275 0.7049180327868853 0.5175 0.5209471766848816
0 0.25625 0.7231329690346083 0.4575 0.4808743169398907
0 0.2525 0.25956284153005466 0.46 0.5154826958105647
