1 0.25125 0.10444444444444445 0.085 0.035555555555555556
1 0.2625 0.22666666666666666 0.055 0.022222222222222223
1 0.34875 0.23 0.055 0.024444444444444446
1 0.433125 0.22444444444444445 0.06125 0.03111111111111111
1 0.260625 0.37777777777777777 0.04375 0.044444444444444446
1 0.3575 0.36333333333333334 0.04 0.03777777777777778
1 0.448125 0.3566666666666667 0.07375 0.03333333333333333
1 0.239375 0.5355555555555556 0.06125 0.04
1 0.43875 0.5633333333333334 0.1075 0.03333333333333333
8 0.340625 0.7044444444444444 0.15875 0.19111111111111112
1 0.6075 0.6666666666666666 0.065 0.035555555555555556
1 0.539375 0.5177777777777778 0.04625 0.04
1 0.553125 0.36666666666666664 0.05625 0.04
1 0.649375 0.35777777777777775 0.04875 0.04
1 0.75 0.34444444444444444 0.0375 0.02666666666666667
3 0.5375 0.2477777777777778 0.015 0.024444444444444446
3 0.638125 0.24888888888888888 0.01625 0.02666666666666667
3 0.73375 0.25333333333333335 0.0125 0.02666666666666667
4 0.555625 0.25 0.06125 0.11333333333333333
4 0.65375 0.25666666666666665 0.055 0.12222222222222222
4 0.75375 0.25333333333333335 0.0625 0.1111111111111111
5 0.26375 0.25222222222222224 0.075 0.13111111111111112
5 0.35125 0.2477777777777778 0.0725 0.11333333333333333
5 0.4325 0.23777777777777778 0.0725 0.12
0 0.35 0.2866666666666667 0.3275 0.4222222222222222
0 0.346875 0.7055555555555556 0.32375 0.46
0 0.65875 0.28444444444444444 0.305 0.4177777777777778
0 0.655625 0.7033333333333334 0.31125 0.45555555555555555
1 0.5575 0.10666666666666667 0.055 0.04
1 0.436875 0.6122222222222222 0.10125 0.028888888888888888
1 0.451875 0.6511111111111111 0.07875 0.02666666666666667
