1 0.425 0.5866666666666667 0.135 0.1688888888888889
1 0.61625 0.6144444444444445 0.0675 0.05555555555555555
1 0.536875 0.49 0.06875 0.051111111111111114
1 0.546875 0.3466666666666667 0.08375 0.06222222222222222
1 0.64375 0.3244444444444444 0.0725 0.06666666666666667
1 0.7325 0.3022222222222222 0.05 0.05333333333333334
1 0.729375 0.17666666666666667 0.05625 0.042222222222222223
1 0.65 0.19666666666666666 0.07 0.04666666666666667
1 0.544375 0.22 0.05625 0.05333333333333334
1 0.51375 0.09222222222222222 0.0475 0.06444444444444444
1 0.4475 0.20555555555555555 0.0725 0.051111111111111114
1 0.440625 0.35777777777777775 0.06375 0.057777777777777775
3 0.44 0.2722222222222222 0.0225 0.04666666666666667
3 0.336875 0.2833333333333333 0.02125 0.03777777777777778
1 0.345625 0.21444444444444444 0.07875 0.051111111111111114
1 0.34625 0.37333333333333335 0.045 0.044444444444444446
3 0.24 0.29444444444444445 0.0175 0.03777777777777778
1 0.240625 0.23555555555555555 0.07625 0.05333333333333334
1 0.233125 0.38333333333333336 0.04375 0.051111111111111114
1 0.224375 0.10777777777777778 0.07875 0.06444444444444444
1 0.235 0.5588888888888889 0.0575 0.06444444444444444
7 0.313125 0.7422222222222222 0.15875 0.24888888888888888
4 0.6475 0.22777777777777777 0.08 0.1622222222222222
4 0.735625 0.21666666666666667 0.08375 0.16666666666666666
4 0.5475 0.23444444444444446 0.0825 0.14
5 0.443125 0.2511111111111111 0.08875 0.19555555555555557
5 0.34875 0.25666666666666665 0.095 0.20222222222222222
5 0.244375 0.27 0.09625 0.19777777777777777
0 0.328125 0.25333333333333335 0.31875 0.4266666666666667
0 0.63875 0.2411111111111111 0.3 0.42444444444444446
0 0.328125 0.6966666666666667 0.33125 0.46444444444444444
0 0.66625 0.68 0.34 0.4666666666666667
2 0.54375 0.2588888888888889 0.03 0.051111111111111114
2 0.64375 0.25 0.035 0.042222222222222223
2 0.72625 0.23 0.04 0.051111111111111114
