1 0.514375 0.10222222222222223 0.05125 0.02666666666666667
1 0.559375 0.17555555555555555 0.03875 0.03111111111111111
3 0.53125 0.1711111111111111 0.015 0.02666666666666667
1 0.56375 0.2911111111111111 0.0625 0.02666666666666667
3 0.524375 0.29444444444444445 0.01375 0.03333333333333333
3 0.525 0.41444444444444445 0.015 0.03333333333333333
1 0.558125 0.41333333333333333 0.03875 0.02666666666666667
1 0.681875 0.42 0.09875 0.04
1 0.700625 0.2833333333333333 0.12375 0.03777777777777778
1 0.676875 0.18666666666666668 0.07375 0.044444444444444446
1 0.594375 0.6888888888888889 0.07375 0.057777777777777775
1 0.499375 0.5388888888888889 0.05125 0.028888888888888888
1 0.399375 0.5777777777777777 0.11875 0.044444444444444446
1 0.400625 0.6222222222222222 0.11375 0.04
1 0.381875 0.6955555555555556 0.07375 0.04
1 0.41625 0.3711111111111111 0.0725 0.03111111111111111
1 0.303125 0.3688888888888889 0.05125 0.035555555555555556
1 0.1775 0.37555555555555553 0.0525 0.04888888888888889
1 0.1575 0.5377777777777778 0.06 0.03111111111111111
7 0.238125 0.7022222222222222 0.17875 0.24444444444444444
5 0.195 0.24888888888888888 0.09 0.13777777777777778
5 0.31125 0.25555555555555554 0.09 0.14222222222222222
5 0.42125 0.2611111111111111 0.085 0.14
1 0.179375 0.09666666666666666 0.07625 0.03777777777777778
0 0.649375 0.3022222222222222 0.36625 0.4577777777777778
0 0.6475 0.7511111111111111 0.3725 0.4666666666666667
0 0.296875 0.75 0.34125 0.47333333333333333
0 0.3025 0.29888888888888887 0.35 0.44666666666666666
