1 0.57375 0.09270833333333334 0.0525 0.03958333333333333
1 0.9175 0.23854166666666668 0.065 0.035416666666666666
1 0.7975 0.27395833333333336 0.09 0.04375
1 0.605625 0.3104166666666667 0.10125 0.05
1 0.338125 0.18541666666666667 0.07375 0.06666666666666667
5 0.3275 0.19166666666666668 0.0675 0.10416666666666667
1 0.375625 0.2864583333333333 0.12125 0.04791666666666667
1 0.09875 0.08020833333333334 0.1175 0.04375
1 0.22625 0.18958333333333333 0.0525 0.05
1 0.11625 0.19166666666666668 0.055 0.05416666666666667
5 0.224375 0.190625 0.05875 0.11041666666666666
5 0.115 0.19270833333333334 0.06 0.10625
1 0.220625 0.29791666666666666 0.07125 0.041666666666666664
1 0.0975 0.296875 0.07 0.052083333333333336
1 0.595625 0.5625 0.08875 0.041666666666666664
1 0.670625 0.6854166666666667 0.08625 0.0375
1 0.136875 0.628125 0.09125 0.04375
1 0.350625 0.6875 0.23625 0.0625
1 0.36125 0.75 0.24 0.05
1 0.3475 0.8229166666666666 0.1825 0.04583333333333333
8 0.11375 0.8052083333333333 0.1475 0.17291666666666666
3 0.893125 0.15208333333333332 0.02125 0.04583333333333333
3 0.75875 0.17083333333333334 0.0275 0.0375
3 0.595 0.18958333333333333 0.0275 0.041666666666666664
4 0.919375 0.15520833333333334 0.10125 0.08958333333333333
4 0.785625 0.17708333333333334 0.11625 0.10833333333333334
4 0.626875 0.20625 0.13125 0.12916666666666668
0 0.745625 0.7270833333333333 0.50875 0.5458333333333333
0 0.746875 0.25104166666666666 0.50625 0.4979166666666667
0 0.2525 0.28125 0.505 0.5625
0 0.2525 0.7458333333333333 0.505 0.5083333333333333
