1 0.1875 0.20975918884664133 0.1425 0.04182509505703422
1 0.585 0.20912547528517111 0.1025 0.06844106463878327
5 0.19 0.2997465145754119 0.135 0.10266159695817491
5 0.450625 0.2908745247148289 0.13875 0.12801013941698353
5 0.325 0.37896070975918883 0.1225 0.12420785804816223
4 0.581875 0.30798479087452474 0.08875 0.07351077313054499
4 0.74125 0.3010139416983523 0.145 0.08745247148288973
4 0.874375 0.2902408111533587 0.08625 0.08365019011406843
1 0.138125 0.5183776932826363 0.09875 0.05576679340937896
1 0.594375 0.49936628643852976 0.09625 0.053231939163498096
1 0.409375 0.5519645120405576 0.23125 0.062103929024081114
6 0.18375 0.6482889733840305 0.155 0.17363751584283904
1 0.693125 0.6191381495564005 0.09125 0.11026615969581749
1 0.405625 0.6134347275031685 0.23875 0.053231939163498096
1 0.37375 0.6768060836501901 0.185 0.06844106463878327
1 0.19125 0.2858048162230672 0.1 0.034220532319391636
1 0.455625 0.27756653992395436 0.12125 0.032953105196451206
1 0.325625 0.36311787072243346 0.10125 0.036755386565272496
2 0.17875 0.31242078580481625 0.0575 0.036755386565272496
2 0.444375 0.3105196451204056 0.06625 0.043092522179974654
2 0.324375 0.3973384030418251 0.06625 0.044359949302915085
1 0.5775 0.31432192648922685 0.0575 0.02788339670468948
1 0.736875 0.2997465145754119 0.11125 0.034220532319391636
1 0.86875 0.2902408111533587 0.0525 0.032953105196451206
0 0.304375 0.3257287705956908 0.47125 0.3320659062103929
0 0.725 0.302915082382763 0.4175 0.32953105196451205
0 0.300625 0.632446134347275 0.51125 0.3574144486692015
0 0.74375 0.6286438529784537 0.4325 0.3700887198986058
