1 0.676875 0.7275 0.13375 0.03833333333333333
1 0.5975 0.56 0.135 0.043333333333333335
0 0.73625 0.7491666666666666 0.47 0.49166666666666664
1 0.878125 0.3641666666666667 0.07875 0.03166666666666667
1 0.745 0.3675 0.0925 0.03833333333333333
1 0.6075 0.36583333333333334 0.1375 0.041666666666666664
1 0.875625 0.25916666666666666 0.05375 0.03166666666666667
3 0.834375 0.2625 0.02875 0.045
1 0.73375 0.2891666666666667 0.0825 0.028333333333333332
3 0.700625 0.2633333333333333 0.02625 0.043333333333333335
1 0.604375 0.26666666666666666 0.06625 0.03333333333333333
3 0.556875 0.2633333333333333 0.02625 0.04
4 0.860625 0.26416666666666666 0.10125 0.14833333333333334
4 0.730625 0.2658333333333333 0.10875 0.15166666666666667
4 0.595625 0.2658333333333333 0.11875 0.145
1 0.58875 0.1025 0.115 0.041666666666666664
0 0.72875 0.2841666666666667 0.4675 0.4716666666666667
1 0.444375 0.36333333333333334 0.10875 0.03666666666666667
1 0.3025 0.37 0.0825 0.03333333333333333
1 0.14125 0.3825 0.0725 0.051666666666666666
1 0.150625 0.23333333333333334 0.09125 0.03666666666666667
1 0.303125 0.23166666666666666 0.08625 0.03333333333333333
1 0.438125 0.22916666666666666 0.07125 0.03833333333333333
2 0.429375 0.2575 0.05125 0.03833333333333333
2 0.290625 0.2625 0.05375 0.04833333333333333
2 0.143125 0.2758333333333333 0.05125 0.04833333333333333
5 0.149375 0.26 0.13625 0.14333333333333334
5 0.303125 0.25916666666666666 0.13125 0.13833333333333334
5 0.435625 0.25666666666666665 0.10375 0.13
1 0.19 0.11583333333333333 0.1925 0.055
0 0.279375 0.29 0.44875 0.4533333333333333
1 0.3825 0.6258333333333334 0.2125 0.041666666666666664
1 0.391875 0.6758333333333333 0.21375 0.045
1 0.38875 0.7258333333333333 0.1825 0.045
1 0.1575 0.55 0.1375 0.043333333333333335
8 0.218125 0.8116666666666666 0.26375 0.25
0 0.288125 0.7516666666666667 0.47875 0.49333333333333335
