0 0.24125 0.32916666666666666 0.4375 0.5016666666666667
0 0.693125 0.33416666666666667 0.48875 0.5116666666666667
0 0.249375 0.79 0.45375 0.42
0 0.690625 0.7741666666666667 0.49375 0.45166666666666666
1 0.50625 0.1325 0.0675 0.035
3 0.59375 0.19916666666666666 0.0125 0.025
1 0.635 0.20166666666666666 0.0575 0.03
1 0.6325 0.35 0.045 0.02
1 0.646875 0.38 0.07375 0.03333333333333333
3 0.60125 0.3433333333333333 0.0125 0.02
1 0.648125 0.5033333333333333 0.04625 0.03
3 0.60875 0.5083333333333333 0.0175 0.02666666666666667
4 0.63625 0.5091666666666667 0.1025 0.115
4 0.633125 0.355 0.10125 0.10666666666666667
4 0.6275 0.20166666666666666 0.1025 0.11333333333333333
1 0.768125 0.205 0.11375 0.04666666666666667
1 0.8 0.345 0.1925 0.05
1 0.778125 0.5041666666666667 0.15875 0.04833333333333333
1 0.503125 0.625 0.07125 0.03666666666666667
1 0.63875 0.795 0.105 0.05333333333333334
1 0.353125 0.7341666666666666 0.18375 0.04833333333333333
1 0.35875 0.7841666666666667 0.155 0.035
1 0.365 0.855 0.105 0.04
1 0.1075 0.63 0.105 0.043333333333333335
7 0.166875 0.8266666666666667 0.19625 0.24666666666666667
1 0.105625 0.5075 0.08125 0.045
1 0.243125 0.49916666666666665 0.09125 0.041666666666666664
1 0.376875 0.4925 0.10875 0.041666666666666664
5 0.3725 0.3541666666666667 0.1075 0.14833333333333334
5 0.24125 0.3575 0.105 0.15833333333333333
5 0.11 0.37 0.125 0.17
1 0.113125 0.1225 0.10875 0.03833333333333333
