5 0.235625 0.21416666666666667 0.14625 0.125
5 0.399375 0.20416666666666666 0.16875 0.16833333333333333
5 0.28375 0.37666666666666665 0.145 0.13666666666666666
4 0.73875 0.27166666666666667 0.1775 0.13
4 0.565625 0.27666666666666667 0.14625 0.13333333333333333
4 0.891875 0.27 0.10375 0.11666666666666667
1 0.2425 0.12083333333333333 0.125 0.065
1 0.235 0.19666666666666666 0.1125 0.04666666666666667
1 0.399375 0.17916666666666667 0.13125 0.06166666666666667
1 0.275625 0.35 0.10375 0.043333333333333335
1 0.63375 0.11 0.095 0.05333333333333334
1 0.5675 0.2816666666666667 0.1125 0.07
1 0.739375 0.2791666666666667 0.15125 0.045
1 0.895625 0.2683333333333333 0.07125 0.04
1 0.216875 0.5166666666666667 0.10875 0.05333333333333334
1 0.4025 0.5941666666666666 0.1625 0.065
1 0.39375 0.6958333333333333 0.1775 0.058333333333333334
1 0.3825 0.7875 0.155 0.06166666666666667
1 0.5925 0.5141666666666667 0.115 0.07166666666666667
1 0.63125 0.6741666666666667 0.11 0.10166666666666667
2 0.233125 0.24 0.07375 0.03666666666666667
2 0.3775 0.23333333333333334 0.0825 0.04666666666666667
2 0.28 0.40166666666666667 0.07 0.05333333333333334
6 0.24125 0.7041666666666667 0.14 0.22833333333333333
0 0.301875 0.25666666666666665 0.37375 0.42333333333333334
0 0.734375 0.24 0.52125 0.44
0 0.30125 0.7025 0.39 0.5116666666666667
0 0.736875 0.6966666666666667 0.52625 0.5166666666666667
