1 0.54375 0.10333333333333333 0.03 0.02
3 0.591875 0.1725 0.01125 0.021666666666666667
1 0.619375 0.175 0.03625 0.023333333333333334
3 0.585 0.2891666666666667 0.0075 0.018333333333333333
1 0.618125 0.2916666666666667 0.05625 0.02666666666666667
4 0.62 0.17666666666666667 0.0825 0.08333333333333333
4 0.616875 0.28833333333333333 0.07875 0.08666666666666667
3 0.5825 0.3958333333333333 0.01 0.018333333333333333
1 0.601875 0.3958333333333333 0.02875 0.018333333333333333
4 0.615 0.3983333333333333 0.085 0.07333333333333333
1 0.71375 0.3958333333333333 0.065 0.028333333333333332
1 0.724375 0.285 0.07625 0.03
1 0.719375 0.175 0.05125 0.023333333333333334
1 0.535 0.4875 0.04 0.025
1 0.61875 0.6466666666666666 0.045 0.03333333333333333
1 0.39 0.555 0.12 0.03
1 0.415 0.5925 0.115 0.028333333333333332
1 0.411875 0.6383333333333333 0.06625 0.02
1 0.15875 0.485 0.0375 0.02666666666666667
7 0.2475 0.6408333333333334 0.185 0.18166666666666667
5 0.196875 0.24333333333333335 0.08125 0.12333333333333334
5 0.311875 0.24166666666666667 0.07375 0.11
5 0.419375 0.24666666666666667 0.07875 0.11
1 0.414375 0.32666666666666666 0.04625 0.023333333333333334
1 0.301875 0.3225 0.03375 0.021666666666666667
1 0.181875 0.33 0.03125 0.023333333333333334
1 0.17625 0.10833333333333334 0.05 0.02
0 0.320625 0.26 0.38375 0.39
0 0.318125 0.6725 0.38125 0.45166666666666666
0 0.715 0.2758333333333333 0.4175 0.395
0 0.708125 0.6716666666666666 0.42875 0.45
