1 0.53875 0.12833333333333333 0.0575 0.03
1 0.57625 0.275 0.0825 0.03333333333333333
1 0.72 0.2775 0.09 0.03166666666666667
1 0.848125 0.2791666666666667 0.05625 0.03166666666666667
4 0.84375 0.2841666666666667 0.1025 0.12833333333333333
4 0.7175 0.2791666666666667 0.11 0.135
4 0.57625 0.275 0.12 0.13333333333333333
1 0.115625 0.16333333333333333 0.09625 0.03333333333333333
1 0.368125 0.23166666666666666 0.12125 0.03333333333333333
1 0.17 0.21666666666666667 0.0925 0.02666666666666667
1 0.2825 0.3441666666666667 0.0825 0.035
2 0.290625 0.3958333333333333 0.05375 0.04833333333333333
2 0.385 0.2783333333333333 0.0625 0.05
2 0.180625 0.27 0.05125 0.043333333333333335
5 0.17625 0.2525 0.1275 0.14833333333333334
5 0.37125 0.2608333333333333 0.1425 0.155
5 0.289375 0.37916666666666665 0.11375 0.14166666666666666
1 0.151875 0.5083333333333333 0.06875 0.04
1 0.4075 0.5433333333333333 0.175 0.04
1 0.410625 0.5908333333333333 0.16875 0.035
1 0.395625 0.635 0.12125 0.04
6 0.24375 0.6683333333333333 0.1625 0.25
1 0.563125 0.49666666666666665 0.07125 0.03
1 0.673125 0.6491666666666667 0.07375 0.07833333333333334
0 0.72 0.6941666666666667 0.45 0.495
0 0.278125 0.705 0.48875 0.5
0 0.710625 0.2775 0.45125 0.37166666666666665
0 0.268125 0.2841666666666667 0.46625 0.385
