3 0.12 0.315 0.0425 0.05
3 0.27375 0.3075 0.045 0.065
3 0.39875 0.31166666666666665 0.0275 0.043333333333333335
1 0.11875 0.24833333333333332 0.0975 0.04666666666666667
1 0.275 0.24333333333333335 0.1025 0.04
1 0.40875 0.24916666666666668 0.105 0.058333333333333334
1 0.08875 0.12666666666666668 0.0975 0.04
1 0.419375 0.385 0.09875 0.04
1 0.270625 0.3958333333333333 0.06625 0.03166666666666667
1 0.120625 0.4141666666666667 0.06375 0.04833333333333333
1 0.096875 0.535 0.07875 0.03666666666666667
1 0.381875 0.5825 0.21125 0.07833333333333334
1 0.400625 0.6341666666666667 0.18375 0.06833333333333333
1 0.408125 0.6858333333333333 0.09625 0.03833333333333333
7 0.185 0.7266666666666667 0.2425 0.26
1 0.546875 0.4866666666666667 0.06875 0.04
1 0.66625 0.6258333333333334 0.1075 0.04833333333333333
1 0.540625 0.2125 0.06875 0.041666666666666664
1 0.509375 0.09833333333333333 0.07125 0.03666666666666667
2 0.549375 0.2708333333333333 0.04125 0.055
2 0.700625 0.24916666666666668 0.04375 0.045
1 0.70625 0.18583333333333332 0.11 0.03833333333333333
2 0.84875 0.2325 0.0425 0.045
1 0.839375 0.17666666666666667 0.06375 0.03666666666666667
4 0.859375 0.21666666666666667 0.14125 0.17666666666666667
4 0.71 0.2325 0.1425 0.175
4 0.569375 0.25416666666666665 0.15625 0.17833333333333334
1 0.558125 0.3725 0.10875 0.045
1 0.728125 0.3425 0.10625 0.045
1 0.874375 0.32 0.05375 0.04
5 0.405 0.2791666666666667 0.1175 0.17166666666666666
5 0.275625 0.2841666666666667 0.13375 0.185
5 0.124375 0.2941666666666667 0.14625 0.18166666666666667
0 0.256875 0.3016666666666667 0.46375 0.43333333333333335
0 0.283125 0.7008333333333333 0.48625 0.47833333333333333
0 0.741875 0.665 0.51625 0.4866666666666667
0 0.700625 0.26916666666666667 0.50125 0.405
