1 0.09 0.03292894280762565 0.1025 0.045060658578856154
1 0.15125 0.1317157712305026 0.0975 0.05199306759098787
1 0.371875 0.13518197573656845 0.11875 0.0415944540727903
1 0.2675 0.3128249566724437 0.1 0.043327556325823226
1 0.56125 0.04592720970537262 0.065 0.053726169844020795
1 0.598125 0.19324090121317158 0.09375 0.06412478336221837
1 0.761875 0.17764298093587522 0.10625 0.043327556325823226
1 0.93375 0.16291161178509533 0.055 0.045060658578856154
1 0.078125 0.5597920277296361 0.09125 0.0658578856152513
1 0.426875 0.6239168110918544 0.18625 0.04852686308492201
1 0.43 0.695840554592721 0.195 0.05025996533795494
1 0.414375 0.7677642980935875 0.15625 0.05199306759098787
1 0.595 0.5311958405545927 0.1025 0.05719237435008666
1 0.701875 0.6975736568457539 0.10875 0.10918544194107452
2 0.155625 0.19324090121317158 0.06375 0.06759098786828423
2 0.368125 0.19584055459272098 0.06625 0.06239168110918544
2 0.255625 0.3847487001733102 0.07875 0.07625649913344887
5 0.150625 0.1681109185441941 0.15125 0.19064124783362218
5 0.368125 0.16984402079722705 0.15125 0.18370883882149047
5 0.25875 0.36048526863084923 0.1625 0.21143847487001732
4 0.609375 0.18110918544194107 0.14125 0.17504332755632582
4 0.76375 0.17937608318890816 0.1425 0.17157712305025996
4 0.92875 0.16897746967071056 0.1325 0.18197573656845753
6 0.1575 0.779896013864818 0.2275 0.3292894280762565
0 0.268125 0.2530329289428076 0.53625 0.5025996533795494
0 0.7525 0.24176776429809357 0.495 0.4800693240901213
0 0.270625 0.7322357019064125 0.54125 0.5355285961871751
0 0.756875 0.7227036395147314 0.47875 0.5545927209705372
