1 0.23875 0.11064891846921797 0.16 0.048252911813643926
1 0.40875 0.2579034941763727 0.0875 0.036605657237936774
1 0.378125 0.42512479201331116 0.05375 0.03826955074875208
1 0.24 0.3594009983361065 0.08 0.04326123128119801
1 0.125 0.3594009983361065 0.0625 0.04326123128119801
3 0.389375 0.20632279534109818 0.03125 0.03993344425956739
3 0.374375 0.3752079866888519 0.03875 0.03826955074875208
3 0.226875 0.30782029950083195 0.04125 0.03993344425956739
3 0.114375 0.31281198003327787 0.03875 0.036605657237936774
1 0.715625 0.15224625623960067 0.15375 0.048252911813643926
1 0.61875 0.29700499168053246 0.055 0.03826955074875208
1 0.63125 0.38352745424292845 0.1175 0.04159733777038269
3 0.615 0.2512479201331115 0.0275 0.036605657237936774
5 0.61625 0.2820299500831947 0.1025 0.1447587354409318
1 0.818125 0.23211314475873543 0.14125 0.048252911813643926
1 0.8325 0.29700499168053246 0.17 0.051580698835274545
1 0.825625 0.37271214642262895 0.14125 0.04326123128119801
1 0.274375 0.5748752079866889 0.10625 0.051580698835274545
1 0.145625 0.673044925124792 0.07375 0.04492512479201331
1 0.384375 0.6439267886855241 0.06375 0.033277870216306155
1 0.274375 0.7346089850249584 0.06375 0.03161397670549085
5 0.1525 0.6738768718801996 0.12 0.08319467554076539
5 0.27375 0.7437603993344426 0.1075 0.10316139767054909
5 0.389375 0.6405990016638935 0.09875 0.09650582362728785
3 0.14875 0.8635607321131448 0.03 0.033277870216306155
3 0.28375 0.8760399334442596 0.0325 0.03494176372712146
3 0.398125 0.8544093178036606 0.02875 0.04492512479201331
1 0.74875 0.5482529118136439 0.17 0.06821963394342762
1 0.7375 0.6439267886855241 0.07 0.036605657237936774
2 0.744375 0.7312811980033278 0.12875 0.11813643926788686
0 0.764375 0.7246256239600666 0.40875 0.43427620632279534
0 0.764375 0.28868552412645593 0.41875 0.4176372712146423
0 0.315 0.2653910149750416 0.47 0.47753743760399336
0 0.315625 0.7296173044925125 0.47875 0.4442595673876872
