1 0.154375 0.05583333333333333 0.07875 0.03166666666666667
5 0.21 0.18 0.1275 0.10333333333333333
5 0.33125 0.1775 0.0975 0.09833333333333333
5 0.45625 0.16916666666666666 0.13 0.105
4 0.605 0.2225 0.09 0.115
4 0.720625 0.22916666666666666 0.10125 0.115
4 0.821875 0.23666666666666666 0.08625 0.11333333333333333
7 0.204375 0.6391666666666667 0.22625 0.195
1 0.0975 0.48333333333333334 0.0525 0.03333333333333333
1 0.421875 0.5533333333333333 0.15375 0.12
1 0.54125 0.4583333333333333 0.055 0.03
1 0.665625 0.5683333333333334 0.07875 0.04
1 0.8075 0.30416666666666664 0.0375 0.021666666666666667
1 0.70875 0.30333333333333334 0.0575 0.03333333333333333
1 0.600625 0.2966666666666667 0.07125 0.02666666666666667
1 0.45125 0.24 0.0725 0.02666666666666667
1 0.308125 0.24833333333333332 0.03875 0.023333333333333334
1 0.18875 0.255 0.05 0.03666666666666667
1 0.55125 0.0625 0.04 0.028333333333333332
0 0.748125 0.7 0.48375 0.55
0 0.28125 0.7033333333333334 0.4425 0.5266666666666666
0 0.3 0.23083333333333333 0.39 0.41833333333333333
0 0.743125 0.22833333333333333 0.46375 0.37333333333333335
1 0.205 0.16583333333333333 0.11 0.03166666666666667
1 0.338125 0.15583333333333332 0.07625 0.028333333333333332
1 0.458125 0.15416666666666667 0.09625 0.035
1 0.600625 0.19083333333333333 0.06875 0.041666666666666664
1 0.721875 0.19666666666666666 0.07875 0.03
1 0.81375 0.20083333333333334 0.0525 0.041666666666666664
3 0.206875 0.205 0.02875 0.05
3 0.333125 0.19333333333333333 0.03375 0.04666666666666667
3 0.46 0.18583333333333332 0.04 0.03166666666666667
2 0.59375 0.22916666666666666 0.045 0.045
2 0.719375 0.23583333333333334 0.04125 0.051666666666666666
2 0.81375 0.24 0.045 0.05
