1 0.43 0.7166666666666667 0.135 0.23777777777777778
4 0.60625 0.17777777777777778 0.1075 0.13333333333333333
5 0.1725 0.2877777777777778 0.0925 0.18888888888888888
0 0.695 0.7433333333333333 0.3725 0.5088888888888888
0 0.30625 0.74 0.395 0.5111111111111111
0 0.3125 0.26 0.385 0.4311111111111111
0 0.690625 0.25555555555555554 0.35875 0.4533333333333333
1 0.62875 0.7 0.0825 0.06666666666666667
1 0.55875 0.5344444444444445 0.065 0.05555555555555555
1 0.5475 0.08777777777777777 0.0575 0.06
1 0.18125 0.08555555555555555 0.095 0.05555555555555555
1 0.170625 0.5388888888888889 0.07875 0.06444444444444444
7 0.224375 0.7544444444444445 0.18375 0.2822222222222222
5 0.275625 0.27666666666666667 0.09375 0.1622222222222222
5 0.38375 0.27111111111111114 0.1225 0.1688888888888889
1 0.17 0.41 0.0525 0.06444444444444444
1 0.27375 0.3933333333333333 0.06 0.057777777777777775
1 0.38625 0.39 0.1 0.06
4 0.61875 0.3211111111111111 0.135 0.12666666666666668
4 0.608125 0.4444444444444444 0.10625 0.07111111111111111
1 0.6175 0.1688888888888889 0.0575 0.05333333333333334
1 0.628125 0.31 0.08375 0.042222222222222223
1 0.62125 0.44666666666666666 0.05 0.04
3 0.57375 0.1711111111111111 0.0225 0.04888888888888889
3 0.571875 0.31 0.01875 0.051111111111111114
3 0.58125 0.44222222222222224 0.025 0.04888888888888889
1 0.743125 0.16444444444444445 0.09125 0.07111111111111111
1 0.775 0.31333333333333335 0.125 0.07555555555555556
1 0.776875 0.45 0.12875 0.06444444444444444
