1 0.26875 0.13666666666666666 0.075 0.04
1 0.595 0.16833333333333333 0.0475 0.03666666666666667
1 0.768125 0.22083333333333333 0.07625 0.03833333333333333
1 0.7925 0.295 0.1275 0.04666666666666667
1 0.795 0.37833333333333335 0.1125 0.03666666666666667
1 0.67625 0.37083333333333335 0.0425 0.021666666666666667
1 0.681875 0.2916666666666667 0.06625 0.03
1 0.67625 0.21083333333333334 0.0475 0.03166666666666667
3 0.64125 0.21 0.0125 0.023333333333333334
3 0.64125 0.2916666666666667 0.0125 0.02
3 0.641875 0.37333333333333335 0.01375 0.02
4 0.678125 0.37666666666666665 0.09875 0.056666666666666664
4 0.673125 0.28833333333333333 0.09125 0.05333333333333334
4 0.669375 0.21166666666666667 0.07875 0.06
1 0.60875 0.495 0.06 0.03333333333333333
1 0.685 0.6541666666666667 0.08 0.045
1 0.26125 0.5075 0.07 0.041666666666666664
1 0.46875 0.6308333333333334 0.16 0.165
7 0.276875 0.6708333333333333 0.14875 0.205
5 0.25625 0.245 0.0775 0.10666666666666667
5 0.37 0.2525 0.08 0.11166666666666666
5 0.47625 0.25833333333333336 0.0825 0.11333333333333333
1 0.488125 0.3325 0.08125 0.028333333333333332
1 0.360625 0.3308333333333333 0.04375 0.028333333333333332
1 0.250625 0.34 0.05875 0.04
0 0.724375 0.2816666666666667 0.38375 0.3433333333333333
0 0.730625 0.6366666666666667 0.37375 0.3933333333333333
0 0.36625 0.29333333333333333 0.365 0.37666666666666665
0 0.37125 0.6366666666666667 0.3725 0.3933333333333333
