1 0.165 0.09916666666666667 0.18 0.085
1 0.355625 0.24083333333333334 0.04625 0.035
1 0.300625 0.30916666666666665 0.12125 0.03833333333333333
2 0.30625 0.23166666666666666 0.24 0.23333333333333334
0 0.29125 0.21333333333333335 0.5 0.38
1 0.07625 0.45666666666666667 0.07 0.043333333333333335
3 0.165625 0.5458333333333333 0.02375 0.03166666666666667
3 0.219375 0.5091666666666667 0.03125 0.035
3 0.27 0.5 0.03 0.03666666666666667
3 0.32 0.48 0.025 0.023333333333333334
7 0.2375 0.5825 0.3225 0.22833333333333333
0 0.28125 0.6108333333333333 0.53 0.405
1 0.58625 0.36666666666666664 0.045 0.02666666666666667
4 0.600625 0.3725 0.10375 0.03833333333333333
1 0.6175 0.21583333333333332 0.1525 0.24166666666666667
1 0.85625 0.21333333333333335 0.0475 0.03666666666666667
2 0.85875 0.2891666666666667 0.0475 0.058333333333333334
4 0.86625 0.2575 0.1425 0.15833333333333333
0 0.75625 0.225 0.4225 0.3566666666666667
1 0.57625 0.44 0.0475 0.03333333333333333
1 0.679375 0.4475 0.04875 0.021666666666666667
4 0.691875 0.44416666666666665 0.10125 0.051666666666666666
1 0.68375 0.5058333333333334 0.1825 0.025
1 0.623125 0.6958333333333333 0.04125 0.03166666666666667
1 0.7475 0.6933333333333334 0.05 0.03333333333333333
1 0.878125 0.6883333333333334 0.04125 0.03
3 0.61625 0.6425 0.0225 0.035
3 0.73875 0.6233333333333333 0.0225 0.03
3 0.868125 0.6116666666666667 0.02875 0.02666666666666667
1 0.610625 0.5991666666666666 0.03875 0.025
1 0.735625 0.5808333333333333 0.04875 0.025
1 0.8675 0.5733333333333334 0.0475 0.03666666666666667
5 0.62375 0.6141666666666666 0.1 0.14166666666666666
5 0.750625 0.6141666666666666 0.11375 0.13166666666666665
5 0.875625 0.605 0.09125 0.13
0 0.759375 0.6033333333333334 0.44625 0.39666666666666667
