1 0.241875 0.0975 0.12875 0.09
1 0.37125 0.2175 0.0675 0.065
1 0.355 0.3925 0.0475 0.045
1 0.245625 0.335 0.05625 0.065
1 0.150625 0.335 0.04375 0.045
1 0.25 0.49125 0.0625 0.0675
1 0.305625 0.59625 0.04625 0.0525
1 0.15625 0.6 0.0525 0.05
1 0.2375 0.72 0.045 0.07
1 0.5725 0.105 0.1425 0.085
1 0.5025 0.2525 0.0525 0.05
1 0.516875 0.3675 0.10875 0.055
1 0.658125 0.185 0.10375 0.06
1 0.66375 0.2675 0.1225 0.045
1 0.65375 0.3625 0.1 0.06
1 0.586875 0.52625 0.12875 0.0675
1 0.5725 0.60375 0.0525 0.0375
2 0.563125 0.6825 0.06875 0.12
3 0.3575 0.16 0.025 0.04
3 0.355 0.3425 0.0275 0.045
3 0.25375 0.25 0.03 0.055
3 0.164375 0.26 0.04125 0.065
3 0.500625 0.2 0.02375 0.035
3 0.145 0.80875 0.0225 0.0375
3 0.248125 0.8475 0.02125 0.035
3 0.353125 0.7925 0.02125 0.04
5 0.51375 0.23 0.085 0.165
5 0.310625 0.595 0.06875 0.09
5 0.24375 0.72 0.0925 0.13
5 0.16 0.60125 0.0775 0.0975
0 0.60375 0.71625 0.37 0.5325
0 0.259375 0.71125 0.35875 0.5475
0 0.60375 0.25625 0.3525 0.4525
0 0.27625 0.24 0.34 0.455
