1 0.160625 0.10777777777777778 0.05875 0.042222222222222223
1 0.20875 0.19666666666666666 0.0875 0.03777777777777778
1 0.425625 0.20666666666666667 0.10125 0.035555555555555556
1 0.32875 0.36444444444444446 0.085 0.03111111111111111
1 0.5225 0.12 0.04 0.03111111111111111
1 0.553125 0.20222222222222222 0.06125 0.035555555555555556
1 0.698125 0.19 0.09875 0.03777777777777778
1 0.82125 0.17777777777777778 0.0425 0.035555555555555556
1 0.42625 0.6022222222222222 0.1375 0.035555555555555556
1 0.421875 0.6611111111111111 0.14625 0.04666666666666667
1 0.400625 0.72 0.11625 0.04
1 0.5375 0.5455555555555556 0.0525 0.03777777777777778
1 0.6 0.6666666666666666 0.07 0.08
2 0.201875 0.25666666666666665 0.03125 0.03333333333333333
2 0.416875 0.24888888888888888 0.02875 0.03111111111111111
2 0.3175 0.41333333333333333 0.025 0.04
5 0.2125 0.23222222222222222 0.1275 0.17555555555555555
5 0.42125 0.22 0.1225 0.1688888888888889
5 0.33125 0.3844444444444444 0.12 0.17333333333333334
4 0.55375 0.22666666666666666 0.09 0.13777777777777778
4 0.69875 0.21666666666666667 0.125 0.14
4 0.820625 0.19777777777777777 0.08875 0.1288888888888889
6 0.223125 0.7333333333333333 0.13375 0.24444444444444444
0 0.309375 0.29 0.38625 0.4866666666666667
0 0.6825 0.2788888888888889 0.3975 0.47333333333333333
0 0.305 0.7455555555555555 0.395 0.4955555555555556
0 0.68625 0.74 0.435 0.52
