1 0.60125 0.6822222222222222 0.0375 0.035555555555555556
1 0.50375 0.5044444444444445 0.05 0.035555555555555556
1 0.709375 0.39666666666666667 0.08875 0.03777777777777778
1 0.70125 0.2688888888888889 0.1075 0.044444444444444446
1 0.673125 0.17444444444444446 0.06375 0.03333333333333333
1 0.6 0.17555555555555555 0.0375 0.02666666666666667
1 0.605625 0.28555555555555556 0.05125 0.03333333333333333
1 0.62 0.3988888888888889 0.035 0.028888888888888888
3 0.5675 0.17777777777777778 0.0175 0.03111111111111111
3 0.571875 0.29444444444444445 0.01375 0.028888888888888888
3 0.591875 0.40444444444444444 0.01625 0.03111111111111111
4 0.59125 0.18333333333333332 0.0775 0.10444444444444445
4 0.6 0.29555555555555557 0.08 0.12
4 0.619375 0.40555555555555556 0.07875 0.1
1 0.4975 0.07888888888888888 0.035 0.024444444444444446
1 0.424375 0.30777777777777776 0.07625 0.03777777777777778
1 0.314375 0.31222222222222223 0.05125 0.028888888888888888
1 0.21625 0.31 0.04 0.042222222222222223
5 0.22625 0.2311111111111111 0.0775 0.12
5 0.315625 0.23777777777777778 0.07375 0.12444444444444444
5 0.414375 0.23555555555555555 0.08125 0.1111111111111111
1 0.1825 0.06444444444444444 0.0525 0.02666666666666667
1 0.39625 0.5622222222222222 0.1325 0.04888888888888889
7 0.253125 0.68 0.14125 0.2311111111111111
1 0.15625 0.4988888888888889 0.065 0.03777777777777778
0 0.663125 0.7288888888888889 0.37875 0.49777777777777776
0 0.644375 0.27 0.34125 0.43777777777777777
0 0.299375 0.26222222222222225 0.35875 0.4488888888888889
0 0.2875 0.7411111111111112 0.405 0.5177777777777778
1 0.414375 0.5977777777777777 0.11875 0.05333333333333334
1 0.410625 0.6522222222222223 0.07375 0.04666666666666667
