1 0.079375 0.04861111111111111 0.10125 0.052083333333333336
1 0.550625 0.044270833333333336 0.08125 0.050347222222222224
1 0.096875 0.14930555555555555 0.11125 0.041666666666666664
1 0.2675 0.1545138888888889 0.115 0.041666666666666664
1 0.4175 0.15625 0.12 0.04513888888888889
1 0.066875 0.3255208333333333 0.07125 0.05381944444444445
1 0.24625 0.3098958333333333 0.07 0.036458333333333336
1 0.398125 0.3046875 0.11125 0.046875
1 0.06125 0.5190972222222222 0.08 0.041666666666666664
1 0.36375 0.6067708333333334 0.195 0.1892361111111111
7 0.13 0.6657986111111112 0.1675 0.18229166666666666
1 0.53875 0.4913194444444444 0.085 0.04513888888888889
3 0.09375 0.21006944444444445 0.0325 0.04513888888888889
3 0.250625 0.2152777777777778 0.04625 0.052083333333333336
3 0.410625 0.2074652777777778 0.03125 0.03993055555555555
5 0.0975 0.19270833333333334 0.1425 0.1875
5 0.26125 0.1918402777777778 0.155 0.19618055555555555
5 0.41375 0.1831597222222222 0.1425 0.18229166666666666
1 0.569375 0.1267361111111111 0.07375 0.041666666666666664
1 0.756875 0.12065972222222222 0.13375 0.043402777777777776
1 0.92375 0.10677083333333333 0.0675 0.036458333333333336
1 0.640625 0.6319444444444444 0.10125 0.04861111111111111
1 0.556875 0.2864583333333333 0.09875 0.04513888888888889
1 0.729375 0.2560763888888889 0.09625 0.043402777777777776
1 0.905 0.23524305555555555 0.08 0.046875
2 0.56125 0.171875 0.0525 0.052083333333333336
2 0.743125 0.16493055555555555 0.06625 0.05555555555555555
2 0.91375 0.1467013888888889 0.06 0.043402777777777776
4 0.575625 0.15625 0.12625 0.16319444444444445
4 0.75625 0.1440972222222222 0.17 0.16666666666666666
4 0.91875 0.1328125 0.1225 0.1440972222222222
0 0.24125 0.22743055555555555 0.4825 0.4548611111111111
0 0.73875 0.6883680555555556 0.5225 0.484375
0 0.73875 0.2222222222222222 0.5175 0.4444444444444444
0 0.23625 0.71875 0.4725 0.5243055555555556
