1 0.635625 0.37333333333333335 0.21375 0.13666666666666666
1 0.569375 0.29083333333333333 0.06375 0.035
1 0.605 0.46 0.0575 0.02
4 0.60875 0.45916666666666667 0.1 0.035
1 0.795 0.36333333333333334 0.07 0.04
2 0.806875 0.4083333333333333 0.07625 0.04666666666666667
4 0.806875 0.3883333333333333 0.14875 0.12333333333333334
1 0.7275 0.49833333333333335 0.075 0.03
4 0.730625 0.5033333333333333 0.11625 0.06
1 0.7375 0.5441666666666667 0.3075 0.075
1 0.585 0.5116666666666667 0.07 0.03666666666666667
1 0.6275 0.6233333333333333 0.075 0.02666666666666667
1 0.76125 0.6158333333333333 0.085 0.03833333333333333
1 0.884375 0.605 0.05375 0.03333333333333333
3 0.884375 0.6358333333333334 0.02875 0.03166666666666667
3 0.763125 0.6508333333333334 0.03625 0.028333333333333332
3 0.63 0.6566666666666666 0.0375 0.03
5 0.76125 0.635 0.1025 0.08666666666666667
5 0.885625 0.6241666666666666 0.10375 0.08166666666666667
5 0.624375 0.6458333333333334 0.12375 0.095
1 0.63375 0.7283333333333334 0.07 0.03666666666666667
1 0.77625 0.7125 0.0625 0.03833333333333333
1 0.91875 0.7041666666666667 0.065 0.03833333333333333
3 0.26125 0.5975 0.0425 0.041666666666666664
3 0.34 0.5841666666666666 0.04 0.035
3 0.410625 0.5633333333333334 0.03375 0.03666666666666667
3 0.47125 0.5375 0.035 0.035
1 0.163125 0.5325 0.08875 0.045
7 0.30625 0.6366666666666667 0.4175 0.2733333333333333
1 0.386875 0.385 0.07125 0.03
1 0.36 0.4325 0.1875 0.035
2 0.330625 0.38916666666666666 0.28625 0.16166666666666665
1 0.254375 0.3233333333333333 0.24125 0.06666666666666667
0 0.319375 0.6408333333333334 0.48625 0.325
0 0.758125 0.6241666666666666 0.48125 0.3516666666666667
0 0.70125 0.365 0.3975 0.24333333333333335
0 0.31 0.37833333333333335 0.425 0.25
