1 0.621875 0.5975 0.07875 0.04833333333333333
1 0.711875 0.7675 0.08125 0.041666666666666664
1 0.16875 0.635 0.095 0.06666666666666667
1 0.4175 0.7808333333333334 0.195 0.065
7 0.208125 0.8391666666666666 0.23625 0.22833333333333333
1 0.160625 0.12833333333333333 0.12375 0.04666666666666667
1 0.649375 0.44416666666666665 0.11375 0.065
1 0.931875 0.4141666666666667 0.06375 0.03833333333333333
1 0.806875 0.43916666666666665 0.08625 0.07833333333333334
2 0.790625 0.3175 0.04875 0.03833333333333333
1 0.7975 0.26916666666666667 0.0975 0.055
2 0.91875 0.3125 0.035 0.035
1 0.910625 0.2633333333333333 0.05875 0.043333333333333335
1 0.631875 0.28583333333333333 0.07625 0.04833333333333333
2 0.63 0.33916666666666667 0.0575 0.04833333333333333
4 0.79875 0.29 0.1075 0.14333333333333334
4 0.92 0.2825 0.1 0.12166666666666667
4 0.64625 0.31 0.12 0.14333333333333334
1 0.119375 0.4708333333333333 0.09875 0.058333333333333334
1 0.291875 0.44333333333333336 0.07625 0.056666666666666664
1 0.455625 0.4241666666666667 0.10375 0.04833333333333333
1 0.303125 0.305 0.12375 0.03666666666666667
3 0.2775 0.3575 0.04 0.04833333333333333
3 0.1175 0.37166666666666665 0.0425 0.05333333333333334
3 0.445625 0.365 0.03375 0.04
1 0.456875 0.31666666666666665 0.10375 0.08333333333333333
5 0.12875 0.3308333333333333 0.1375 0.195
1 0.126875 0.30333333333333334 0.10875 0.04
5 0.305625 0.325 0.13125 0.17
5 0.459375 0.3225 0.12375 0.15166666666666667
0 0.755 0.7616666666666667 0.48 0.47333333333333333
0 0.28 0.76 0.495 0.48
0 0.283125 0.30333333333333334 0.49625 0.45666666666666667
0 0.754375 0.30916666666666665 0.46875 0.46166666666666667
1 0.425 0.8391666666666666 0.1775 0.04833333333333333
1 0.428125 0.9208333333333333 0.09375 0.075
