1 0.571875 0.029616724738675958 0.06375 0.03484320557491289
1 0.590625 0.3710801393728223 0.08375 0.03832752613240418
1 0.889375 0.3606271777003484 0.04625 0.027874564459930314
1 0.74625 0.37282229965156793 0.07 0.04529616724738676
1 0.129375 0.033101045296167246 0.09875 0.03832752613240418
1 0.44375 0.2229965156794425 0.125 0.027874564459930314
1 0.295625 0.21602787456445993 0.10125 0.020905923344947737
1 0.1475 0.2186411149825784 0.1 0.029616724738675958
1 0.15125 0.3710801393728223 0.055 0.03484320557491289
1 0.289375 0.3710801393728223 0.05625 0.027874564459930314
1 0.45625 0.3641114982578397 0.0875 0.027874564459930314
1 0.12125 0.5505226480836237 0.06 0.0313588850174216
1 0.5825 0.5522648083623694 0.06 0.03484320557491289
1 0.690625 0.7473867595818815 0.07375 0.0313588850174216
1 0.34125 0.6533101045296167 0.17 0.03484320557491289
1 0.371875 0.6977351916376306 0.17875 0.033101045296167246
1 0.35625 0.7517421602787456 0.105 0.02613240418118467
3 0.85875 0.23693379790940766 0.0275 0.0313588850174216
3 0.708125 0.2421602787456446 0.02125 0.03484320557491289
3 0.5575 0.23867595818815332 0.03 0.0313588850174216
4 0.903125 0.24738675958188153 0.13625 0.18815331010452963
4 0.75625 0.24738675958188153 0.135 0.1916376306620209
4 0.606875 0.24912891986062718 0.13625 0.18815331010452963
5 0.443125 0.2465156794425087 0.13375 0.18989547038327526
5 0.299375 0.25435540069686413 0.13375 0.18466898954703834
5 0.154375 0.25174216027874563 0.13375 0.18641114982578397
8 0.2025 0.7735191637630662 0.1625 0.24738675958188153
0 0.756875 0.7526132404181185 0.48625 0.49477351916376305
0 0.759375 0.25522648083623695 0.48125 0.5104529616724739
0 0.264375 0.2578397212543554 0.52875 0.5156794425087108
0 0.265 0.7473867595818815 0.53 0.49825783972125437
