1 0.6425 0.8322222222222222 0.1 0.06
1 0.55375 0.6477777777777778 0.0825 0.051111111111111114
1 0.76375 0.45666666666666667 0.1975 0.06888888888888889
1 0.825 0.2722222222222222 0.165 0.06
1 0.783125 0.13666666666666666 0.13125 0.06444444444444444
1 0.608125 0.15666666666666668 0.08875 0.06
1 0.64 0.2822222222222222 0.1675 0.07111111111111111
1 0.584375 0.4533333333333333 0.07625 0.05333333333333334
3 0.541875 0.1511111111111111 0.03375 0.044444444444444446
3 0.53 0.29777777777777775 0.0425 0.06222222222222222
3 0.524375 0.46 0.03875 0.044444444444444446
4 0.594375 0.14777777777777779 0.17125 0.09555555555555556
4 0.615 0.28555555555555556 0.2475 0.13555555555555557
4 0.565625 0.4588888888888889 0.15625 0.12222222222222222
1 0.526875 0.07111111111111111 0.08125 0.04888888888888889
1 0.151875 0.1322222222222222 0.11875 0.06888888888888889
1 0.135 0.49666666666666665 0.085 0.06444444444444444
1 0.264375 0.4766666666666667 0.08625 0.06
1 0.3975 0.48777777777777775 0.1225 0.05555555555555555
5 0.1375 0.35555555555555557 0.13 0.20444444444444446
5 0.268125 0.34555555555555556 0.12875 0.20222222222222222
5 0.40625 0.3611111111111111 0.1275 0.20222222222222222
1 0.153125 0.6144444444444445 0.10875 0.08222222222222222
1 0.371875 0.6977777777777778 0.21125 0.07555555555555556
7 0.16875 0.8333333333333334 0.1425 0.27555555555555555
0 0.275625 0.29777777777777775 0.42375 0.5644444444444444
0 0.70375 0.3233333333333333 0.48 0.6377777777777778
0 0.71625 0.7855555555555556 0.465 0.42444444444444446
0 0.280625 0.7711111111111111 0.43375 0.4577777777777778
1 0.38 0.7788888888888889 0.1875 0.06444444444444444
1 0.391875 0.89 0.13375 0.08222222222222222
