3 0.19375 0.3641666666666667 0.0375 0.04833333333333333
3 0.32625 0.375 0.035 0.05
3 0.44375 0.3775 0.0425 0.04833333333333333
1 0.21625 0.2025 0.09 0.041666666666666664
1 0.206875 0.32083333333333336 0.09375 0.03166666666666667
1 0.335625 0.3325 0.09875 0.041666666666666664
1 0.46875 0.3416666666666667 0.1325 0.04
1 0.178125 0.4375 0.05875 0.035
1 0.336875 0.43833333333333335 0.05875 0.03666666666666667
1 0.471875 0.44666666666666666 0.09125 0.03666666666666667
1 0.585 0.23833333333333334 0.05 0.03333333333333333
1 0.598125 0.3408333333333333 0.05625 0.03166666666666667
1 0.74875 0.3458333333333333 0.12 0.03166666666666667
1 0.85625 0.3491666666666667 0.055 0.035
1 0.59625 0.4625 0.075 0.045
1 0.73875 0.4558333333333333 0.085 0.04833333333333333
1 0.859375 0.45 0.04625 0.03666666666666667
1 0.161875 0.5683333333333334 0.08875 0.043333333333333335
1 0.456875 0.5958333333333333 0.15625 0.04833333333333333
1 0.455 0.6308333333333334 0.13 0.041666666666666664
1 0.4475 0.685 0.0775 0.06
1 0.584375 0.5658333333333333 0.05625 0.035
1 0.68 0.6983333333333334 0.0875 0.04666666666666667
5 0.20625 0.3383333333333333 0.1475 0.14333333333333334
5 0.3375 0.3458333333333333 0.1225 0.13833333333333334
5 0.468125 0.3625 0.14625 0.13833333333333334
2 0.5975 0.38333333333333336 0.0375 0.04
2 0.735625 0.3875 0.04875 0.051666666666666666
2 0.855 0.3975 0.0425 0.045
4 0.600625 0.3625 0.08125 0.10833333333333334
4 0.744375 0.3675 0.14375 0.11166666666666666
4 0.8575 0.36916666666666664 0.0775 0.115
7 0.239375 0.7225 0.22125 0.26166666666666666
0 0.3325 0.3466666666666667 0.44 0.38666666666666666
0 0.725 0.3641666666666667 0.3825 0.34833333333333333
0 0.306875 0.7425 0.47125 0.4483333333333333
0 0.746875 0.7466666666666667 0.45125 0.44333333333333336
