1 0.6475 0.8511111111111112 0.065 0.035555555555555556
1 0.551875 0.7033333333333334 0.04625 0.03333333333333333
1 0.564375 0.42777777777777776 0.04875 0.03333333333333333
1 0.694375 0.42333333333333334 0.04625 0.051111111111111114
1 0.811875 0.4311111111111111 0.02875 0.035555555555555556
1 0.826875 0.3511111111111111 0.03125 0.035555555555555556
1 0.7225 0.3411111111111111 0.0475 0.03333333333333333
1 0.589375 0.3377777777777778 0.03375 0.035555555555555556
1 0.555 0.1922222222222222 0.0375 0.051111111111111114
1 0.44375 0.3188888888888889 0.075 0.03777777777777778
1 0.436875 0.4722222222222222 0.05625 0.03333333333333333
1 0.281875 0.4677777777777778 0.03875 0.042222222222222223
1 0.3 0.3088888888888889 0.0675 0.035555555555555556
1 0.149375 0.3111111111111111 0.06625 0.04
1 0.14375 0.48 0.0425 0.04888888888888889
1 0.121875 0.15444444444444444 0.06125 0.04666666666666667
1 0.361875 0.7355555555555555 0.15875 0.057777777777777775
1 0.36875 0.7966666666666666 0.1725 0.06
1 0.364375 0.8622222222222222 0.14625 0.04888888888888889
1 0.114375 0.7166666666666667 0.04375 0.03777777777777778
8 0.199375 0.8755555555555555 0.16375 0.2
2 0.430625 0.36777777777777776 0.03875 0.04666666666666667
2 0.283125 0.36777777777777776 0.04125 0.04666666666666667
2 0.149375 0.36444444444444446 0.04375 0.05333333333333334
5 0.15875 0.34 0.1025 0.17333333333333334
5 0.296875 0.3466666666666667 0.10375 0.16444444444444445
5 0.441875 0.3566666666666667 0.10375 0.1622222222222222
4 0.575625 0.33666666666666667 0.07375 0.09555555555555556
4 0.70625 0.34 0.0925 0.09333333333333334
4 0.8225 0.3522222222222222 0.07 0.09555555555555556
0 0.725 0.4 0.4225 0.5644444444444444
0 0.716875 0.83 0.42625 0.34
0 0.288125 0.8166666666666667 0.45625 0.36666666666666664
0 0.28625 0.3688888888888889 0.465 0.5911111111111111
