0 0.240625 0.23800738007380073 0.48125 0.47601476014760147
0 0.74375 0.23616236162361623 0.51 0.47232472324723246
0 0.743125 0.738929889298893 0.51375 0.503690036900369
0 0.24 0.7343173431734318 0.48 0.5129151291512916
1 0.07125 0.03690036900369004 0.0725 0.04797047970479705
1 0.05625 0.16512915129151293 0.0625 0.03505535055350553
1 0.19875 0.16512915129151293 0.07 0.03136531365313653
1 0.329375 0.16974169741697417 0.10625 0.05166051660516605
1 0.341875 0.29612546125461253 0.07375 0.03874538745387454
1 0.19625 0.29059040590405905 0.0475 0.03874538745387454
1 0.0625 0.2924354243542435 0.06 0.03505535055350553
1 0.036875 0.5369003690036901 0.06375 0.04428044280442804
1 0.37125 0.7103321033210332 0.205 0.22509225092250923
1 0.528125 0.507380073800738 0.04625 0.04059040590405904
1 0.685 0.7112546125461254 0.0775 0.06088560885608856
1 0.523125 0.02859778597785978 0.03875 0.046125461254612546
1 0.575 0.14760147601476015 0.0525 0.033210332103321034
1 0.7275 0.14760147601476015 0.075 0.04059040590405904
1 0.865625 0.14022140221402213 0.04875 0.04059040590405904
1 0.875 0.2785977859778598 0.045 0.04059040590405904
1 0.726875 0.2933579335793358 0.08625 0.06273062730627306
1 0.57 0.2878228782287823 0.0825 0.04797047970479705
4 0.58375 0.17343173431734318 0.1225 0.13653136531365315
4 0.7375 0.17435424354243542 0.1075 0.13837638376383765
4 0.875625 0.16974169741697417 0.12375 0.15498154981549817
2 0.569375 0.2066420664206642 0.03375 0.04797047970479705
2 0.715 0.21678966789667897 0.03 0.042435424354243544
2 0.861875 0.20940959409594095 0.03375 0.03874538745387454
5 0.071875 0.18911439114391143 0.10875 0.14575645756457564
5 0.199375 0.1900369003690037 0.09625 0.16236162361623616
5 0.328125 0.19464944649446494 0.10375 0.15682656826568267
3 0.068125 0.21309963099630996 0.02625 0.03874538745387454
3 0.195 0.21955719557195572 0.03 0.04428044280442804
3 0.32 0.2140221402214022 0.0275 0.033210332103321034
7 0.151875 0.764760147601476 0.25125 0.3007380073800738
