1 0.110625 0.07616487455197132 0.08875 0.044802867383512544
1 0.530625 0.07885304659498207 0.07125 0.043010752688172046
3 0.72 0.1989247311827957 0.0525 0.053763440860215055
3 0.88625 0.2168458781362007 0.045 0.05017921146953405
3 0.54375 0.18369175627240145 0.05 0.05913978494623656
4 0.561875 0.1971326164874552 0.11625 0.11827956989247312
4 0.738125 0.2060931899641577 0.10625 0.13261648745519714
4 0.896875 0.22580645161290322 0.09625 0.13978494623655913
1 0.5625 0.30913978494623656 0.0975 0.04838709677419355
1 0.73625 0.31810035842293904 0.0725 0.04121863799283154
1 0.880625 0.33064516129032256 0.04375 0.034050179211469536
1 0.124375 0.27508960573476704 0.06875 0.04121863799283154
1 0.27875 0.28136200716845877 0.0525 0.03942652329749104
1 0.425 0.28763440860215056 0.08 0.044802867383512544
1 0.134375 0.16218637992831542 0.10125 0.044802867383512544
1 0.290625 0.1693548387096774 0.10875 0.04838709677419355
1 0.42375 0.18369175627240145 0.11 0.05197132616487455
5 0.420625 0.18458781362007168 0.12875 0.11827956989247312
5 0.288125 0.16487455197132617 0.12125 0.11827956989247312
5 0.13625 0.17114695340501793 0.1325 0.12007168458781362
8 0.191875 0.6738351254480287 0.23875 0.24014336917562723
1 0.108125 0.489247311827957 0.09875 0.05017921146953405
1 0.371875 0.5017921146953405 0.19625 0.05017921146953405
1 0.533125 0.49193548387096775 0.07625 0.044802867383512544
1 0.664375 0.6532258064516129 0.09375 0.05555555555555555
0 0.72 0.6998207885304659 0.5075 0.521505376344086
0 0.255 0.7007168458781362 0.4725 0.5340501792114696
0 0.26125 0.235663082437276 0.465 0.44623655913978494
0 0.720625 0.25089605734767023 0.49625 0.46953405017921146
1 0.39375 0.5582437275985663 0.1575 0.03763440860215054
1 0.41 0.6191756272401434 0.105 0.03763440860215054
