4 0.61875 0.18262411347517732 0.07 0.07801418439716312
4 0.61375 0.3067375886524823 0.0725 0.0851063829787234
4 0.618125 0.4175531914893617 0.06875 0.0726950354609929
1 0.748125 0.39184397163120566 0.14625 0.04964539007092199
1 0.773125 0.29343971631205673 0.18875 0.051418439716312055
1 0.74625 0.17198581560283688 0.1225 0.04964539007092199
5 0.156875 0.26684397163120566 0.09125 0.13297872340425532
5 0.28375 0.2650709219858156 0.11 0.15070921985815602
5 0.4075 0.24911347517730498 0.0975 0.13297872340425532
1 0.135 0.39184397163120566 0.0675 0.04964539007092199
1 0.27625 0.37056737588652483 0.0625 0.03900709219858156
1 0.42375 0.3475177304964539 0.1225 0.0425531914893617
7 0.1825 0.7393617021276596 0.1525 0.2198581560283688
1 0.39875 0.6187943262411347 0.1775 0.05319148936170213
0 0.738125 0.7109929078014184 0.47375 0.5106382978723404
3 0.600625 0.18173758865248227 0.01875 0.030141843971631204
1 0.6225 0.19148936170212766 0.035 0.04964539007092199
1 0.625625 0.3049645390070922 0.04375 0.0425531914893617
3 0.595 0.31648936170212766 0.0175 0.030141843971631204
3 0.595625 0.41400709219858156 0.01625 0.026595744680851064
1 0.625 0.41134751773049644 0.04 0.028368794326241134
1 0.54125 0.13386524822695037 0.065 0.030141843971631204
1 0.5675 0.5097517730496454 0.07 0.03368794326241135
1 0.6625 0.6586879432624113 0.09 0.051418439716312055
0 0.723125 0.24556737588652483 0.48625 0.43439716312056736
1 0.151875 0.13297872340425532 0.10625 0.04609929078014184
1 0.1475 0.5647163120567376 0.095 0.047872340425531915
1 0.398125 0.6835106382978723 0.17875 0.040780141843971635
1 0.38375 0.7570921985815603 0.125 0.05319148936170213
0 0.28 0.7136524822695035 0.475 0.5088652482269503
0 0.2725 0.26684397163120566 0.46 0.4734042553191489
