1 0.628125 0.13416666666666666 0.18375 0.06166666666666667
1 0.821875 0.23166666666666666 0.18875 0.06
1 0.81125 0.27666666666666667 0.175 0.05
1 0.80125 0.32166666666666666 0.1675 0.04
3 0.5825 0.24916666666666668 0.0225 0.035
1 0.5875 0.28583333333333333 0.0675 0.045
5 0.59 0.2708333333333333 0.105 0.125
1 0.613125 0.3416666666666667 0.14125 0.03333333333333333
1 0.258125 0.14583333333333334 0.16125 0.065
3 0.1425 0.26666666666666666 0.0275 0.04
3 0.24875 0.26916666666666667 0.03 0.035
3 0.365 0.21666666666666667 0.0275 0.03666666666666667
1 0.131875 0.30916666666666665 0.04625 0.035
1 0.24375 0.32416666666666666 0.07 0.058333333333333334
1 0.38625 0.37666666666666665 0.0625 0.03333333333333333
1 0.39375 0.25583333333333336 0.0725 0.028333333333333332
3 0.374375 0.3475 0.02875 0.035
1 0.6975 0.49583333333333335 0.165 0.06833333333333333
1 0.700625 0.6141666666666666 0.07375 0.03833333333333333
2 0.70625 0.7141666666666666 0.1275 0.105
1 0.261875 0.4675 0.07625 0.051666666666666666
1 0.340625 0.5675 0.05125 0.025
1 0.176875 0.5675 0.05375 0.03166666666666667
1 0.254375 0.6791666666666667 0.06375 0.045
3 0.39125 0.7591666666666667 0.025 0.03833333333333333
3 0.265625 0.7691666666666667 0.02125 0.035
3 0.135625 0.78 0.02375 0.03666666666666667
0 0.741875 0.22416666666666665 0.51375 0.44166666666666665
0 0.754375 0.6916666666666667 0.48875 0.5266666666666666
0 0.260625 0.22916666666666666 0.51625 0.43833333333333335
0 0.275625 0.7 0.55125 0.5533333333333333
5 0.339375 0.5616666666666666 0.09875 0.05333333333333334
5 0.256875 0.6733333333333333 0.11625 0.06333333333333334
5 0.184375 0.5733333333333334 0.10125 0.056666666666666664
