1 0.51875 0.051666666666666666 0.0525 0.04
1 0.565 0.2425 0.055 0.028333333333333332
1 0.7075 0.23333333333333334 0.0875 0.03333333333333333
1 0.87875 0.24333333333333335 0.05 0.043333333333333335
1 0.850625 0.33916666666666667 0.04125 0.035
1 0.678125 0.365 0.06375 0.04666666666666667
1 0.535 0.3616666666666667 0.0775 0.05
3 0.51625 0.23583333333333334 0.04 0.041666666666666664
3 0.649375 0.23333333333333334 0.02625 0.03333333333333333
3 0.830625 0.24166666666666667 0.03375 0.04
4 0.54875 0.24333333333333335 0.125 0.12
4 0.699375 0.24583333333333332 0.14375 0.13166666666666665
4 0.8775 0.24166666666666667 0.14 0.12
1 0.524375 0.5191666666666667 0.06625 0.03166666666666667
1 0.63125 0.7208333333333333 0.0875 0.03833333333333333
8 0.12375 0.7175 0.1575 0.23833333333333334
1 0.34625 0.6091666666666666 0.1975 0.055
1 0.05 0.5008333333333334 0.06 0.035
1 0.09125 0.22166666666666668 0.08 0.02666666666666667
1 0.229375 0.22 0.07625 0.02666666666666667
1 0.3625 0.235 0.1 0.04
1 0.08625 0.3775 0.055 0.03833333333333333
1 0.224375 0.37666666666666665 0.06625 0.03333333333333333
1 0.371875 0.38333333333333336 0.09625 0.03333333333333333
2 0.098125 0.275 0.06625 0.06333333333333334
2 0.233125 0.2675 0.07375 0.058333333333333334
2 0.356875 0.28 0.08375 0.06
5 0.098125 0.2575 0.12375 0.16166666666666665
5 0.235625 0.2625 0.11875 0.16166666666666665
5 0.3625 0.27166666666666667 0.1225 0.15333333333333332
1 0.0675 0.05 0.085 0.03666666666666667
0 0.240625 0.2525 0.46375 0.4716666666666667
0 0.72625 0.2575 0.5175 0.4583333333333333
0 0.729375 0.7183333333333334 0.52125 0.5066666666666667
1 0.3375 0.6758333333333333 0.185 0.058333333333333334
1 0.320625 0.7366666666666667 0.14375 0.04
0 0.23875 0.7033333333333334 0.4775 0.48
