1 0.10875 0.07555555555555556 0.0675 0.05333333333333334
1 0.09875 0.2011111111111111 0.0725 0.08222222222222222
1 0.20875 0.16777777777777778 0.1275 0.06888888888888889
1 0.186875 0.46 0.11625 0.04888888888888889
1 0.245625 0.39666666666666667 0.04875 0.051111111111111114
1 0.545625 0.09888888888888889 0.06125 0.06
1 0.775625 0.22444444444444445 0.05375 0.04888888888888889
1 0.103125 0.6855555555555556 0.06375 0.051111111111111114
1 0.5175 0.6144444444444445 0.0625 0.051111111111111114
1 0.5575 0.45 0.0375 0.04666666666666667
1 0.55125 0.76 0.0525 0.044444444444444446
1 0.72125 0.7344444444444445 0.055 0.06
1 0.64625 0.6466666666666666 0.05 0.04
1 0.785 0.8722222222222222 0.0375 0.04666666666666667
1 0.66 0.8688888888888889 0.06 0.04888888888888889
1 0.516875 0.8888888888888888 0.04125 0.04
1 0.55875 0.38555555555555554 0.075 0.042222222222222223
1 0.653125 0.30777777777777776 0.01625 0.03777777777777778
1 0.62125 0.3011111111111111 0.035 0.05555555555555555
1 0.578125 0.31222222222222223 0.03625 0.042222222222222223
1 0.53625 0.31666666666666665 0.0325 0.04666666666666667
1 0.5375 0.24222222222222223 0.0425 0.057777777777777775
1 0.58875 0.2411111111111111 0.0425 0.05555555555555555
1 0.5125 0.17222222222222222 0.0225 0.06
1 0.5625 0.1711111111111111 0.0625 0.05333333333333334
1 0.61125 0.18333333333333332 0.02 0.05555555555555555
1 0.675 0.17444444444444446 0.0275 0.051111111111111114
1 0.643125 0.15777777777777777 0.02875 0.06222222222222222
3 0.124375 0.8833333333333333 0.05125 0.07777777777777778
3 0.2175 0.8033333333333333 0.0425 0.06888888888888889
3 0.2925 0.7611111111111111 0.0425 0.07777777777777778
3 0.375 0.7066666666666667 0.05 0.06666666666666667
3 0.525 0.94 0.0425 0.05333333333333334
3 0.651875 0.9322222222222222 0.03625 0.07333333333333333
3 0.79 0.9366666666666666 0.035 0.06444444444444444
2 0.22875 0.3655555555555556 0.26 0.23333333333333334
2 0.769375 0.30666666666666664 0.07625 0.07111111111111111
4 0.660625 0.6511111111111111 0.08875 0.09333333333333334
4 0.790625 0.3055555555555556 0.14375 0.2777777777777778
4 0.56375 0.45555555555555555 0.08 0.07555555555555556
7 0.258125 0.8733333333333333 0.38375 0.25333333333333335
1 0.653125 0.7488888888888889 0.05625 0.057777777777777775
1 0.59625 0.76 0.0125 0.022222222222222223
5 0.539375 0.9088888888888889 0.10125 0.1511111111111111
5 0.666875 0.9 0.11125 0.14666666666666667
5 0.79625 0.9044444444444445 0.115 0.14666666666666667
0 0.261875 0.7855555555555556 0.44125 0.4288888888888889
0 0.705625 0.31777777777777777 0.46625 0.5555555555555556
0 0.263125 0.33555555555555555 0.44875 0.5866666666666667
0 0.7025 0.7844444444444445 0.4725 0.4311111111111111
