5 0.28375 0.2975 0.17 0.14833333333333334
5 0.18 0.43916666666666665 0.085 0.11833333333333333
1 0.075625 0.145 0.11375 0.04666666666666667
1 0.57 0.17416666666666666 0.09 0.04833333333333333
1 0.63625 0.6791666666666667 0.0725 0.08833333333333333
1 0.399375 0.6366666666666667 0.17875 0.16333333333333333
1 0.074375 0.5908333333333333 0.07625 0.03166666666666667
5 0.20125 0.7416666666666667 0.155 0.22666666666666666
1 0.553125 0.5541666666666667 0.08125 0.03166666666666667
1 0.283125 0.27416666666666667 0.12375 0.065
1 0.106875 0.28 0.05625 0.056666666666666664
1 0.60125 0.3283333333333333 0.0675 0.02666666666666667
1 0.733125 0.30916666666666665 0.09125 0.03833333333333333
1 0.86625 0.32 0.05 0.03333333333333333
4 0.596875 0.32916666666666666 0.08625 0.08833333333333333
4 0.730625 0.32416666666666666 0.11125 0.09166666666666666
4 0.869375 0.3233333333333333 0.07875 0.10666666666666667
5 0.105 0.2916666666666667 0.09 0.12
2 0.099375 0.3175 0.04125 0.055
2 0.26625 0.30583333333333335 0.0275 0.051666666666666666
1 0.175625 0.41583333333333333 0.06125 0.045
2 0.175625 0.45666666666666667 0.03375 0.04666666666666667
0 0.74875 0.7441666666666666 0.4925 0.5116666666666667
0 0.2575 0.7483333333333333 0.475 0.48333333333333334
0 0.253125 0.30583333333333335 0.49125 0.3883333333333333
0 0.753125 0.30333333333333334 0.48375 0.3566666666666667
