1 0.19125 0.14888888888888888 0.0825 0.04
1 0.17625 0.3844444444444444 0.0625 0.05333333333333334
1 0.2625 0.4033333333333333 0.06 0.042222222222222223
1 0.3775 0.4033333333333333 0.0875 0.04666666666666667
5 0.185625 0.29333333333333333 0.07875 0.12444444444444444
5 0.2775 0.30666666666666664 0.0925 0.15555555555555556
5 0.38 0.31777777777777777 0.075 0.12
0 0.2875 0.3011111111111111 0.3375 0.3622222222222222
1 0.48125 0.1511111111111111 0.0575 0.035555555555555556
1 0.59125 0.20777777777777778 0.055 0.042222222222222223
1 0.679375 0.20555555555555555 0.08125 0.04666666666666667
1 0.60125 0.33666666666666667 0.0925 0.051111111111111114
1 0.700625 0.33 0.08625 0.042222222222222223
1 0.604375 0.4177777777777778 0.04875 0.035555555555555556
1 0.69625 0.42 0.1025 0.04
3 0.550625 0.20222222222222222 0.01625 0.02666666666666667
3 0.544375 0.3433333333333333 0.01375 0.024444444444444446
3 0.555 0.4266666666666667 0.025 0.035555555555555556
4 0.58625 0.4288888888888889 0.105 0.08
4 0.5925 0.33555555555555555 0.1225 0.06666666666666667
4 0.58 0.2088888888888889 0.0975 0.07111111111111111
0 0.604375 0.30666666666666664 0.31875 0.36
1 0.15625 0.5044444444444445 0.065 0.035555555555555556
1 0.375625 0.5722222222222222 0.14375 0.051111111111111114
1 0.37 0.6444444444444445 0.145 0.057777777777777775
1 0.34375 0.7588888888888888 0.0925 0.042222222222222223
7 0.19375 0.6911111111111111 0.1525 0.25333333333333335
0 0.271875 0.6955555555555556 0.36125 0.43555555555555553
1 0.48375 0.5088888888888888 0.06 0.035555555555555556
1 0.5775 0.6033333333333334 0.095 0.04666666666666667
0 0.619375 0.6866666666666666 0.34875 0.4266666666666667
