1 0.598125 0.2175 0.03875 0.028333333333333332
1 0.6025 0.32916666666666666 0.055 0.021666666666666667
1 0.60125 0.44083333333333335 0.035 0.021666666666666667
1 0.725 0.4375 0.09 0.025
1 0.723125 0.33 0.11125 0.03666666666666667
1 0.711875 0.21083333333333334 0.07625 0.03166666666666667
1 0.540625 0.135 0.04625 0.023333333333333334
1 0.620625 0.6825 0.05125 0.028333333333333332
1 0.5475 0.5375 0.0525 0.025
1 0.431875 0.38333333333333336 0.07625 0.02666666666666667
1 0.296875 0.38333333333333336 0.05125 0.02666666666666667
1 0.170625 0.39166666666666666 0.06375 0.03666666666666667
1 0.13875 0.12666666666666668 0.095 0.03666666666666667
1 0.1475 0.5266666666666666 0.07 0.03333333333333333
1 0.4125 0.5691666666666667 0.1475 0.03166666666666667
1 0.41625 0.5991666666666666 0.1525 0.035
1 0.38375 0.635 0.085 0.03
7 0.226875 0.73 0.21125 0.22666666666666666
3 0.56375 0.2125 0.0175 0.025
3 0.56875 0.3358333333333333 0.0125 0.018333333333333333
3 0.57375 0.44416666666666665 0.0125 0.018333333333333333
4 0.596875 0.43833333333333335 0.07375 0.07333333333333333
4 0.59625 0.33166666666666667 0.0725 0.07333333333333333
4 0.58625 0.2125 0.075 0.085
5 0.42625 0.2916666666666667 0.0775 0.11333333333333333
5 0.29625 0.28833333333333333 0.0925 0.12
5 0.16375 0.2916666666666667 0.0875 0.11333333333333333
0 0.289375 0.29 0.42875 0.42
0 0.29125 0.7375 0.4325 0.49833333333333335
0 0.7125 0.73 0.4375 0.4633333333333333
0 0.7075 0.31666666666666665 0.4225 0.43666666666666665
