1 0.53625 0.125 0.0575 0.05333333333333334
1 0.74 0.1775 0.1425 0.058333333333333334
1 0.62875 0.18583333333333332 0.0375 0.028333333333333332
1 0.625 0.2833333333333333 0.0525 0.03666666666666667
1 0.7675 0.27 0.1775 0.07
1 0.75 0.38333333333333336 0.1475 0.06
1 0.62375 0.39416666666666667 0.0375 0.035
1 0.548125 0.5233333333333333 0.06625 0.05
1 0.63375 0.7208333333333333 0.0675 0.058333333333333334
1 0.41375 0.5575 0.1075 0.055
1 0.4175 0.615 0.1 0.04666666666666667
1 0.4025 0.6633333333333333 0.0875 0.043333333333333335
1 0.165625 0.5341666666666667 0.09125 0.058333333333333334
1 0.39875 0.3283333333333333 0.0925 0.043333333333333335
1 0.266875 0.32916666666666666 0.06375 0.045
1 0.14625 0.345 0.06 0.04
1 0.161875 0.11333333333333333 0.10125 0.05333333333333334
5 0.384375 0.255 0.09125 0.09666666666666666
5 0.2625 0.25416666666666665 0.085 0.095
5 0.1425 0.26666666666666666 0.09 0.1
7 0.25 0.7133333333333334 0.2325 0.24333333333333335
3 0.606875 0.17916666666666667 0.01875 0.028333333333333332
3 0.59625 0.2891666666666667 0.0125 0.015
3 0.598125 0.39416666666666667 0.01625 0.021666666666666667
4 0.625 0.17666666666666667 0.0625 0.08
4 0.620625 0.2833333333333333 0.07375 0.07333333333333333
4 0.618125 0.38916666666666666 0.08125 0.085
0 0.711875 0.25666666666666665 0.48625 0.46
0 0.275625 0.25833333333333336 0.42625 0.4666666666666667
0 0.271875 0.7191666666666666 0.41125 0.48833333333333334
0 0.71 0.7033333333333334 0.505 0.46
