0 0.749375 0.38924050632911394 0.47875 0.16666666666666666
0 0.758125 0.5822784810126582 0.46625 0.21940928270042195
0 0.269375 0.38853727144866385 0.48625 0.16526019690576652
0 0.276875 0.580168776371308 0.50125 0.22362869198312235
1 0.0975 0.3350914205344585 0.095 0.026019690576652602
1 0.086875 0.38045007032348804 0.04375 0.009845288326300985
1 0.105625 0.38924050632911394 0.03875 0.009142053445850914
2 0.089375 0.39943741209563993 0.03125 0.009845288326300985
1 0.23625 0.38924050632911394 0.0475 0.010548523206751054
1 0.218125 0.3751758087201125 0.04125 0.011954992967651195
2 0.190625 0.38959212376933894 0.02625 0.011251758087201125
1 0.080625 0.42440225035161744 0.05375 0.014767932489451477
1 0.23875 0.41736990154711673 0.06 0.01617440225035162
1 0.41 0.41947960618846697 0.095 0.014767932489451477
1 0.360625 0.36849507735583686 0.03875 0.009845288326300985
1 0.389375 0.3769338959212377 0.07125 0.012658227848101266
2 0.37375 0.3909985935302391 0.04 0.015471167369901548
1 0.554375 0.32383966244725737 0.05625 0.01617440225035162
4 0.606875 0.3818565400843882 0.13125 0.04781997187060478
4 0.759375 0.3769338959212377 0.11375 0.04360056258790436
4 0.884375 0.37060478199718705 0.09125 0.0379746835443038
3 0.56875 0.38115330520393814 0.0175 0.014064697609001406
1 0.616875 0.3790436005625879 0.05875 0.011251758087201125
3 0.73 0.37165963431786214 0.02 0.014767932489451477
1 0.78 0.37165963431786214 0.0675 0.010548523206751054
3 0.860625 0.36884669479606186 0.02375 0.01617440225035162
1 0.89375 0.36849507735583686 0.04 0.012658227848101266
1 0.5875 0.42510548523206754 0.0875 0.014767932489451477
1 0.760625 0.4177215189873418 0.07875 0.015471167369901548
1 0.884375 0.41244725738396626 0.05375 0.014767932489451477
1 0.590625 0.4971870604781997 0.06875 0.016877637130801686
1 0.6975 0.5471167369901547 0.085 0.01828410689170183
1 0.093125 0.5021097046413502 0.08125 0.016877637130801686
8 0.17875 0.580168776371308 0.2125 0.10126582278481013
