1 0.113125 0.07583333333333334 0.09625 0.03166666666666667
1 0.200625 0.13666666666666666 0.07125 0.02666666666666667
1 0.368125 0.14 0.08625 0.03666666666666667
1 0.28875 0.3025 0.0925 0.045
1 0.635 0.09833333333333333 0.0625 0.03333333333333333
1 0.66375 0.22666666666666666 0.0775 0.04
1 0.805 0.19916666666666666 0.1275 0.03833333333333333
1 0.94125 0.18166666666666667 0.0575 0.04
1 0.4425 0.5008333333333334 0.2175 0.058333333333333334
1 0.450625 0.5433333333333333 0.24625 0.08333333333333333
1 0.415 0.6033333333333334 0.17 0.06
1 0.66375 0.48083333333333333 0.0725 0.055
1 0.735625 0.605 0.08875 0.08
2 0.190625 0.16833333333333333 0.03625 0.03
2 0.365625 0.18 0.02375 0.03333333333333333
2 0.2925 0.3433333333333333 0.045 0.04666666666666667
5 0.195 0.1525 0.1 0.10833333333333334
5 0.370625 0.15 0.10375 0.12333333333333334
5 0.2925 0.3233333333333333 0.125 0.15333333333333332
4 0.659375 0.22666666666666666 0.10875 0.07333333333333333
4 0.8075 0.20333333333333334 0.1475 0.08333333333333333
4 0.941875 0.1825 0.08375 0.07166666666666667
6 0.20625 0.6141666666666666 0.2 0.25166666666666665
0 0.3 0.24666666666666667 0.6 0.44666666666666666
0 0.783125 0.24916666666666668 0.43375 0.40166666666666667
0 0.321875 0.6841666666666667 0.64375 0.49833333333333335
0 0.795 0.6233333333333333 0.41 0.5166666666666667
