1 0.119375 0.06666666666666667 0.08125 0.043333333333333335
1 0.16 0.1825 0.095 0.03833333333333333
1 0.29125 0.16666666666666666 0.08 0.02666666666666667
1 0.41625 0.17333333333333334 0.1275 0.043333333333333335
1 0.15875 0.2941666666666667 0.0575 0.03833333333333333
1 0.2925 0.2866666666666667 0.0575 0.043333333333333335
1 0.416875 0.2733333333333333 0.08375 0.03666666666666667
1 0.529375 0.06583333333333333 0.05125 0.03166666666666667
1 0.553125 0.3175 0.07375 0.035
1 0.715625 0.30833333333333335 0.06625 0.03333333333333333
1 0.8575 0.295 0.0425 0.02666666666666667
1 0.09625 0.5558333333333333 0.06 0.03166666666666667
1 0.393125 0.6233333333333333 0.15875 0.03666666666666667
1 0.531875 0.5466666666666666 0.06375 0.03333333333333333
1 0.665 0.67 0.07 0.03333333333333333
3 0.5425 0.21833333333333332 0.025 0.02666666666666667
3 0.691875 0.2175 0.02375 0.03166666666666667
3 0.845625 0.20416666666666666 0.02125 0.028333333333333332
5 0.16125 0.1975 0.115 0.135
5 0.29125 0.18833333333333332 0.1 0.13
5 0.41375 0.17916666666666667 0.1375 0.15166666666666667
4 0.579375 0.22166666666666668 0.12125 0.13333333333333333
4 0.73125 0.21416666666666667 0.1225 0.13166666666666665
4 0.879375 0.20416666666666666 0.11125 0.12166666666666667
0 0.278125 0.2725 0.44375 0.505
0 0.726875 0.275 0.48375 0.49666666666666665
0 0.27 0.7433333333333333 0.455 0.4666666666666667
0 0.72875 0.7341666666666666 0.4825 0.475
8 0.229375 0.715 0.18125 0.16333333333333333
1 0.399375 0.6633333333333333 0.14375 0.03333333333333333
1 0.408125 0.7075 0.10125 0.025
