1 0.804375 0.22333333333333333 0.09375 0.04666666666666667
7 0.143125 0.8025 0.19375 0.225
1 0.830625 0.33916666666666667 0.11875 0.03833333333333333
1 0.8275 0.46166666666666667 0.1375 0.043333333333333335
1 0.653125 0.7508333333333334 0.07125 0.041666666666666664
1 0.570625 0.5875 0.06125 0.04833333333333333
1 0.576875 0.165 0.04375 0.04
1 0.645625 0.23083333333333333 0.05375 0.028333333333333332
1 0.660625 0.34833333333333333 0.08625 0.03333333333333333
1 0.649375 0.47333333333333333 0.04625 0.03333333333333333
3 0.61375 0.48 0.03 0.03666666666666667
3 0.603125 0.36 0.02625 0.03333333333333333
3 0.6025 0.23833333333333334 0.0225 0.03666666666666667
4 0.634375 0.24166666666666667 0.09875 0.10666666666666667
4 0.64375 0.35833333333333334 0.11 0.09333333333333334
4 0.64125 0.47333333333333333 0.0975 0.10666666666666667
1 0.376875 0.7075 0.21125 0.07166666666666667
1 0.41125 0.7675 0.1925 0.08166666666666667
1 0.406875 0.8425 0.11125 0.06166666666666667
1 0.07 0.6116666666666667 0.085 0.056666666666666664
1 0.099375 0.44916666666666666 0.09125 0.045
1 0.2925 0.42833333333333334 0.065 0.03333333333333333
1 0.4625 0.43166666666666664 0.0825 0.04
1 0.105 0.14583333333333334 0.0925 0.055
5 0.12625 0.3175 0.1525 0.175
5 0.290625 0.31416666666666665 0.14875 0.17833333333333334
5 0.45 0.3233333333333333 0.1325 0.17333333333333334
0 0.27875 0.32 0.5575 0.4866666666666667
0 0.765625 0.32666666666666666 0.46875 0.43
0 0.75125 0.755 0.4975 0.46
0 0.266875 0.7683333333333333 0.53375 0.4633333333333333
