1 0.581875 0.19416666666666665 0.06875 0.041666666666666664
1 0.91375 0.4275 0.0775 0.03166666666666667
1 0.775625 0.43333333333333335 0.10375 0.06
1 0.613125 0.435 0.12125 0.05333333333333334
1 0.156875 0.17 0.11375 0.043333333333333335
1 0.43 0.34 0.145 0.056666666666666664
1 0.275 0.31833333333333336 0.1 0.03
1 0.12375 0.315 0.1075 0.02666666666666667
1 0.5875 0.5025 0.08 0.03833333333333333
1 0.670625 0.6058333333333333 0.08875 0.035
1 0.384375 0.5633333333333334 0.24125 0.06
1 0.385625 0.6175 0.23625 0.04833333333333333
1 0.368125 0.6808333333333333 0.19125 0.03833333333333333
1 0.083125 0.5191666666666667 0.10625 0.03833333333333333
3 0.585625 0.3275 0.03625 0.058333333333333334
3 0.741875 0.31083333333333335 0.02875 0.045
3 0.89375 0.32416666666666666 0.0275 0.041666666666666664
4 0.926875 0.32083333333333336 0.11625 0.115
4 0.769375 0.31583333333333335 0.11375 0.145
4 0.61875 0.32916666666666666 0.1225 0.13833333333333334
5 0.433125 0.3525 0.16375 0.22166666666666668
5 0.275 0.33416666666666667 0.1075 0.20166666666666666
5 0.12625 0.33916666666666667 0.13 0.18166666666666667
8 0.1525 0.6666666666666666 0.18 0.22
0 0.758125 0.24 0.48375 0.47
0 0.75625 0.6533333333333333 0.4875 0.38
0 0.26375 0.6583333333333333 0.5225 0.4
0 0.2675 0.25083333333333335 0.535 0.5016666666666667
