0 0.295625 0.24916666666666668 0.45125 0.47833333333333333
1 0.3675 0.6275 0.2175 0.058333333333333334
1 0.15875 0.07666666666666666 0.095 0.04
1 0.1725 0.21166666666666667 0.0825 0.04
1 0.2925 0.22 0.0825 0.03
1 0.4275 0.235 0.115 0.043333333333333335
1 0.1675 0.36666666666666664 0.0875 0.056666666666666664
1 0.285625 0.3641666666666667 0.07625 0.045
1 0.426875 0.3725 0.12375 0.045
5 0.1775 0.2375 0.1175 0.14833333333333334
5 0.29 0.24416666666666667 0.1075 0.14833333333333334
5 0.4275 0.2575 0.1425 0.165
1 0.56125 0.07416666666666667 0.0725 0.041666666666666664
1 0.58625 0.3575 0.095 0.051666666666666666
1 0.72375 0.36083333333333334 0.09 0.058333333333333334
1 0.845625 0.3616666666666667 0.07375 0.04
3 0.558125 0.24583333333333332 0.01625 0.028333333333333332
3 0.700625 0.24833333333333332 0.02625 0.03333333333333333
3 0.833125 0.24583333333333332 0.02125 0.035
4 0.59 0.24916666666666668 0.1125 0.125
4 0.725625 0.25 0.10375 0.11666666666666667
4 0.865625 0.25166666666666665 0.10875 0.12333333333333334
0 0.724375 0.2683333333333333 0.44125 0.49
1 0.1475 0.5183333333333333 0.1125 0.05333333333333334
1 0.40375 0.7075 0.175 0.041666666666666664
1 0.42125 0.78 0.12 0.04
8 0.1875 0.7016666666666667 0.185 0.2
0 0.290625 0.7066666666666667 0.45875 0.49333333333333335
1 0.559375 0.5166666666666667 0.06875 0.04
1 0.654375 0.685 0.10125 0.03666666666666667
0 0.711875 0.7275 0.45125 0.505
