1 0.583125 0.40556660039761433 0.12875 0.0636182902584493
1 0.73125 0.40059642147117297 0.11 0.0775347912524851
1 0.8825 0.38767395626242546 0.0725 0.05964214711729622
1 0.595625 0.08151093439363817 0.09625 0.07554671968190854
3 0.85 0.24254473161033796 0.035 0.055666003976143144
3 0.711875 0.24751491053677932 0.03125 0.0536779324055666
3 0.579375 0.2485089463220676 0.03375 0.05964214711729622
4 0.878125 0.24552683896620278 0.10375 0.17296222664015903
4 0.7425 0.24453280318091453 0.105 0.18687872763419483
4 0.60125 0.24751491053677932 0.105 0.18091451292246521
0 0.753125 0.2912524850894632 0.49375 0.5825049701789264
1 0.43375 0.2355864811133201 0.1225 0.1411530815109344
1 0.280625 0.220675944333996 0.09125 0.09542743538767395
1 0.118125 0.1978131212723658 0.12875 0.06560636182902585
5 0.4325 0.23359840954274355 0.145 0.21272365805168986
5 0.290625 0.22465208747514911 0.14625 0.22266401590457258
5 0.123125 0.2216699801192843 0.18375 0.23658051689860835
1 0.11 0.39165009940357853 0.0875 0.0636182902584493
1 0.26375 0.3856858846918489 0.08 0.05168986083499006
1 0.43625 0.3817097415506958 0.12 0.05964214711729622
1 0.149375 0.040755467196819085 0.11625 0.06958250497017893
0 0.25875 0.2654075546719682 0.5175 0.5308151093439364
1 0.655625 0.7763419483101391 0.08875 0.06560636182902585
1 0.591875 0.5874751491053678 0.09375 0.06958250497017893
0 0.7525 0.7564612326043738 0.495 0.4870775347912525
1 0.1075 0.5695825049701789 0.13 0.061630218687872766
1 0.348125 0.5964214711729622 0.23875 0.07554671968190854
1 0.39875 0.6699801192842942 0.215 0.07554671968190854
1 0.40375 0.7375745526838966 0.1675 0.055666003976143144
8 0.201875 0.8240556660039762 0.33375 0.3240556660039761
0 0.255 0.7504970178926441 0.51 0.4990059642147117
