0 0.315625 0.29333333333333333 0.39375 0.37
0 0.7075 0.2875 0.37 0.35833333333333334
0 0.308125 0.7141666666666666 0.41375 0.4816666666666667
1 0.269375 0.19166666666666668 0.24625 0.12666666666666668
1 0.333125 0.365 0.05875 0.04666666666666667
1 0.309375 0.4275 0.18125 0.041666666666666664
1 0.580625 0.15416666666666667 0.09125 0.07166666666666667
1 0.61875 0.33916666666666667 0.19 0.23833333333333334
1 0.75875 0.2791666666666667 0.0825 0.065
1 0.664375 0.43583333333333335 0.04625 0.03166666666666667
1 0.189375 0.5541666666666667 0.08625 0.07166666666666667
1 0.57625 0.5233333333333333 0.1 0.06
1 0.699375 0.575 0.08625 0.04666666666666667
1 0.739375 0.6508333333333334 0.30625 0.065
1 0.596875 0.7308333333333333 0.07125 0.045
1 0.71625 0.7291666666666666 0.11 0.03166666666666667
1 0.840625 0.715 0.06375 0.05333333333333334
1 0.596875 0.8633333333333333 0.06625 0.06
1 0.7525 0.85 0.075 0.06
1 0.873125 0.8408333333333333 0.07875 0.03833333333333333
7 0.334375 0.7083333333333334 0.34875 0.3333333333333333
2 0.333125 0.3466666666666667 0.24625 0.22666666666666666
2 0.771875 0.36833333333333335 0.09125 0.10666666666666667
4 0.65875 0.43083333333333335 0.07 0.04833333333333333
4 0.786875 0.33666666666666667 0.15625 0.20666666666666667
4 0.71375 0.5716666666666667 0.165 0.08666666666666667
3 0.236875 0.7208333333333333 0.03375 0.045
3 0.304375 0.7033333333333334 0.03875 0.06
3 0.366875 0.6616666666666666 0.02625 0.05333333333333334
3 0.434375 0.6275 0.03625 0.058333333333333334
3 0.60625 0.7833333333333333 0.03 0.03333333333333333
3 0.730625 0.7908333333333334 0.03375 0.051666666666666666
3 0.84125 0.7741666666666667 0.045 0.058333333333333334
5 0.6 0.7558333333333334 0.1 0.135
5 0.721875 0.7483333333333333 0.11625 0.15333333333333332
5 0.844375 0.7425 0.10875 0.15166666666666667
0 0.728125 0.7058333333333333 0.42375 0.46166666666666667
