0 0.23 0.3025 0.46 0.3516666666666667
0 0.23 0.6675 0.46 0.41833333333333333
0 0.720625 0.2966666666666667 0.53875 0.3333333333333333
0 0.718125 0.6591666666666667 0.53625 0.425
1 0.2425 0.365 0.0875 0.04666666666666667
2 0.245 0.41 0.045 0.03333333333333333
5 0.241875 0.37416666666666665 0.12125 0.15833333333333333
2 0.355 0.2525 0.0475 0.03166666666666667
1 0.355625 0.21583333333333332 0.13875 0.045
5 0.355 0.22166666666666668 0.1575 0.15
1 0.121875 0.22 0.09875 0.03
2 0.1125 0.26166666666666666 0.0425 0.02666666666666667
5 0.1225 0.2325 0.1275 0.13166666666666665
1 0.05875 0.15333333333333332 0.07 0.02666666666666667
1 0.36125 0.5641666666666667 0.175 0.058333333333333334
1 0.3575 0.6091666666666666 0.1775 0.03833333333333333
1 0.333125 0.6491666666666667 0.12625 0.041666666666666664
1 0.06625 0.5116666666666667 0.06 0.03333333333333333
6 0.1125 0.6883333333333334 0.15 0.2
1 0.520625 0.48583333333333334 0.05625 0.035
1 0.581875 0.5825 0.05375 0.06833333333333333
1 0.55875 0.24583333333333332 0.06 0.04833333333333333
4 0.5775 0.2375 0.12 0.10833333333333334
1 0.53125 0.1525 0.05 0.025
1 0.7775 0.23333333333333334 0.0925 0.04666666666666667
4 0.774375 0.2375 0.11125 0.11166666666666666
1 0.9375 0.225 0.0425 0.03
4 0.9425 0.2325 0.095 0.10833333333333334
