1 0.19 0.09333333333333334 0.07 0.035555555555555556
1 0.146875 0.19333333333333333 0.07125 0.022222222222222223
3 0.155 0.25 0.0375 0.05555555555555555
1 0.15625 0.3488888888888889 0.0375 0.03111111111111111
5 0.156875 0.23666666666666666 0.12125 0.17555555555555555
1 0.269375 0.3422222222222222 0.03875 0.022222222222222223
1 0.704375 0.5533333333333333 0.07125 0.044444444444444446
1 0.59375 0.4477777777777778 0.05 0.03333333333333333
1 0.578125 0.3511111111111111 0.05625 0.035555555555555556
1 0.725 0.38222222222222224 0.045 0.05333333333333334
1 0.400625 0.35888888888888887 0.06125 0.03777777777777778
1 0.593125 0.21555555555555556 0.03875 0.035555555555555556
2 0.588125 0.2688888888888889 0.04875 0.05333333333333334
3 0.395 0.2677777777777778 0.025 0.03777777777777778
1 0.394375 0.2311111111111111 0.07375 0.044444444444444446
5 0.4 0.25 0.1 0.1711111111111111
1 0.27625 0.20555555555555555 0.0575 0.03333333333333333
3 0.2725 0.2477777777777778 0.0325 0.042222222222222223
5 0.27875 0.2388888888888889 0.095 0.1622222222222222
1 0.455 0.44555555555555554 0.13 0.04666666666666667
1 0.235625 0.43777777777777777 0.05375 0.035555555555555556
7 0.304375 0.5633333333333334 0.24625 0.26
1 0.600625 0.07555555555555556 0.04125 0.03111111111111111
1 0.735625 0.23222222222222222 0.06875 0.04666666666666667
2 0.726875 0.2833333333333333 0.03625 0.05555555555555555
4 0.600625 0.22111111111111112 0.12625 0.23333333333333334
4 0.73875 0.24 0.105 0.22666666666666666
1 0.85 0.24 0.035 0.03111111111111111
1 0.84625 0.38333333333333336 0.0375 0.028888888888888888
2 0.848125 0.2922222222222222 0.03875 0.051111111111111114
4 0.860625 0.25 0.10125 0.22
0 0.294375 0.20777777777777778 0.50375 0.41555555555555557
0 0.2925 0.6966666666666667 0.5025 0.6066666666666667
0 0.74 0.7 0.4175 0.5955555555555555
0 0.74 0.22666666666666666 0.4175 0.43555555555555553
1 0.451875 0.48333333333333334 0.12125 0.04666666666666667
1 0.448125 0.5411111111111111 0.04625 0.04666666666666667
