1 0.385 0.5216666666666666 0.1825 0.05333333333333334
1 0.41625 0.5716666666666667 0.17 0.03333333333333333
1 0.415625 0.6266666666666667 0.11625 0.02666666666666667
1 0.576875 0.47 0.06875 0.03
1 0.680625 0.6083333333333333 0.07875 0.03333333333333333
1 0.593125 0.3566666666666667 0.07875 0.03333333333333333
1 0.7325 0.3566666666666667 0.0725 0.03666666666666667
1 0.84375 0.35083333333333333 0.0475 0.025
3 0.825625 0.25 0.02625 0.02666666666666667
4 0.846875 0.2633333333333333 0.09875 0.12
3 0.698125 0.24916666666666668 0.02375 0.028333333333333332
4 0.72875 0.26416666666666666 0.1075 0.11833333333333333
3 0.57875 0.24833333333333332 0.025 0.02666666666666667
4 0.605 0.26416666666666666 0.1075 0.12833333333333333
1 0.57625 0.1475 0.0575 0.035
1 0.165625 0.22833333333333333 0.07375 0.03333333333333333
1 0.295 0.22583333333333333 0.0825 0.021666666666666667
1 0.425625 0.23666666666666666 0.08375 0.03333333333333333
1 0.175625 0.1475 0.07875 0.028333333333333332
1 0.16625 0.355 0.05 0.03
1 0.30875 0.3458333333333333 0.045 0.025
1 0.43 0.3425 0.0825 0.028333333333333332
5 0.176875 0.255 0.10625 0.15
5 0.298125 0.25333333333333335 0.10625 0.14
5 0.425 0.25 0.095 0.13
8 0.22875 0.6475 0.2 0.22166666666666668
0 0.729375 0.6633333333333333 0.44625 0.4866666666666667
0 0.28875 0.6533333333333333 0.46 0.49
0 0.290625 0.24583333333333332 0.46375 0.365
0 0.723125 0.2525 0.43875 0.37833333333333335
