1 0.666875 0.600844277673546 0.10125 0.03095684803001876
1 0.543125 0.5065666041275797 0.08625 0.03377110694183865
1 0.338125 0.600844277673546 0.19875 0.04409005628517824
1 0.3475 0.6313320825515948 0.2125 0.03564727954971857
1 0.35 0.6651031894934334 0.19 0.039399624765478425
1 0.10625 0.5098499061913696 0.1 0.029080675422138838
8 0.126875 0.6308630393996247 0.16375 0.17354596622889307
1 0.08625 0.4333958724202627 0.0825 0.0525328330206379
1 0.2225 0.4169793621013133 0.08 0.029080675422138838
1 0.371875 0.41135084427767354 0.12625 0.025328330206378986
1 0.36875 0.3522514071294559 0.08 0.03095684803001876
1 0.23625 0.34662288930581614 0.07 0.017823639774859287
1 0.099375 0.33583489681050654 0.06875 0.01876172607879925
2 0.090625 0.35694183864915574 0.05375 0.03283302063789869
2 0.225 0.36397748592870544 0.0525 0.016885553470919325
2 0.36375 0.3592870544090056 0.0325 0.01876172607879925
5 0.363125 0.350844277673546 0.10125 0.06191369606003752
5 0.229375 0.3550656660412758 0.09625 0.05909943714821764
5 0.10125 0.35647279549718575 0.11 0.06566604127579738
1 0.099375 0.28189493433395874 0.09375 0.027204502814258912
3 0.506875 0.35553470919324576 0.02125 0.0150093808630394
3 0.638125 0.350375234521576 0.01875 0.01594746716697936
3 0.804375 0.34615384615384615 0.01875 0.016885553470919325
1 0.846875 0.3452157598499062 0.05375 0.01876172607879925
1 0.681875 0.35365853658536583 0.05625 0.024390243902439025
1 0.543125 0.3611632270168856 0.05125 0.03189493433395872
1 0.52875 0.43105065666041276 0.0925 0.036585365853658534
1 0.671875 0.4268292682926829 0.09125 0.0375234521575985
1 0.845 0.41885553470919323 0.08 0.025328330206378986
4 0.533125 0.3592870544090056 0.08625 0.0600375234521576
4 0.671875 0.3527204502814259 0.09125 0.058161350844277676
4 0.840625 0.34709193245778613 0.09875 0.05628517823639775
0 0.715625 0.3799249530956848 0.51375 0.24953095684803
0 0.723125 0.6228893058161351 0.52375 0.275797373358349
0 0.25125 0.625703564727955 0.465 0.28142589118198874
0 0.250625 0.3822701688555347 0.44375 0.2373358348968105
