1 0.09875 0.10416666666666667 0.085 0.035
1 0.0925 0.16083333333333333 0.0625 0.035
1 0.240625 0.14916666666666667 0.09125 0.03833333333333333
1 0.401875 0.155 0.13125 0.06
1 0.068125 0.2816666666666667 0.05375 0.05333333333333334
1 0.224375 0.27166666666666667 0.05875 0.04
1 0.39375 0.2775 0.0925 0.041666666666666664
1 0.070625 0.4483333333333333 0.06875 0.04
1 0.353125 0.49916666666666665 0.19625 0.06833333333333333
1 0.58125 0.09916666666666667 0.0525 0.03166666666666667
1 0.55875 0.265 0.08 0.06
1 0.7525 0.2708333333333333 0.065 0.06833333333333333
1 0.94375 0.25916666666666666 0.0525 0.028333333333333332
1 0.561875 0.445 0.06625 0.03666666666666667
1 0.620625 0.5675 0.07625 0.041666666666666664
5 0.09125 0.17333333333333334 0.0775 0.09333333333333334
5 0.239375 0.17083333333333334 0.12625 0.135
5 0.399375 0.16083333333333333 0.14875 0.13833333333333334
3 0.55875 0.15666666666666668 0.0275 0.03333333333333333
3 0.73125 0.14833333333333334 0.0225 0.03
3 0.925 0.1475 0.025 0.028333333333333332
4 0.584375 0.1675 0.09625 0.08833333333333333
4 0.758125 0.16833333333333333 0.09375 0.09333333333333334
4 0.9475 0.17416666666666666 0.09 0.09833333333333333
8 0.12875 0.6225 0.1975 0.17833333333333334
0 0.2475 0.2375 0.495 0.365
0 0.2475 0.6375 0.495 0.48833333333333334
0 0.734375 0.6466666666666666 0.51125 0.48
0 0.738125 0.25416666666666665 0.51625 0.3616666666666667
1 0.364375 0.5425 0.20875 0.045
1 0.3575 0.6008333333333333 0.1475 0.035
