1 0.69875 0.6666666666666666 0.085 0.0375
1 0.6075 0.540625 0.08 0.035416666666666666
1 0.565 0.075 0.0575 0.029166666666666667
1 0.62 0.18333333333333332 0.065 0.03333333333333333
2 0.6075 0.215625 0.0375 0.03125
2 0.76125 0.20104166666666667 0.0375 0.027083333333333334
1 0.77625 0.16979166666666667 0.105 0.035416666666666666
2 0.90125 0.18020833333333333 0.035 0.027083333333333334
1 0.910625 0.15 0.05625 0.03333333333333333
4 0.915625 0.16666666666666666 0.09875 0.09583333333333334
4 0.7725 0.17916666666666667 0.115 0.1
4 0.623125 0.20625 0.11625 0.1
1 0.611875 0.309375 0.10875 0.04791666666666667
1 0.78625 0.28854166666666664 0.1075 0.052083333333333336
1 0.925625 0.2760416666666667 0.07375 0.04791666666666667
1 0.231875 0.16770833333333332 0.08125 0.022916666666666665
1 0.375625 0.18541666666666667 0.08125 0.058333333333333334
3 0.364375 0.21875 0.02375 0.029166666666666667
3 0.2275 0.20833333333333334 0.03 0.0375
3 0.08375 0.20625 0.0275 0.029166666666666667
1 0.0925 0.16770833333333332 0.08 0.03125
5 0.0925 0.19479166666666667 0.105 0.14791666666666667
5 0.23125 0.19166666666666668 0.105 0.14583333333333334
5 0.37125 0.18541666666666667 0.0975 0.14166666666666666
1 0.09625 0.05625 0.105 0.0375
1 0.063125 0.3260416666666667 0.06875 0.04375
1 0.22125 0.31354166666666666 0.06 0.035416666666666666
1 0.3825 0.3 0.0925 0.0375
1 0.103125 0.5729166666666666 0.08625 0.0375
1 0.3775 0.6208333333333333 0.2275 0.05
1 0.40375 0.69375 0.21 0.04583333333333333
1 0.43 0.7885416666666667 0.105 0.05625
7 0.129375 0.7614583333333333 0.18375 0.17708333333333334
0 0.273125 0.7416666666666667 0.54625 0.5166666666666667
0 0.755625 0.7322916666666667 0.48875 0.5354166666666667
0 0.748125 0.24791666666666667 0.50375 0.49583333333333335
0 0.2575 0.25833333333333336 0.515 0.5166666666666667
