1 0.198125 0.05416666666666667 0.03375 0.051666666666666666
1 0.30625 0.06916666666666667 0.0425 0.08166666666666667
1 0.400625 0.04666666666666667 0.06125 0.04666666666666667
1 0.696875 0.08416666666666667 0.22875 0.08833333333333333
1 0.12 0.345 0.07 0.043333333333333335
1 0.254375 0.3541666666666667 0.09375 0.07833333333333334
1 0.426875 0.4175 0.08625 0.03833333333333333
1 0.436875 0.24333333333333335 0.12125 0.04
1 0.293125 0.575 0.12375 0.07
1 0.1825 0.6575 0.0875 0.055
1 0.386875 0.66 0.08375 0.04
1 0.294375 0.7775 0.08125 0.08166666666666667
1 0.655 0.255 0.0975 0.05
1 0.865625 0.2025 0.20625 0.07166666666666667
1 0.875625 0.2941666666666667 0.20875 0.07166666666666667
1 0.869375 0.3675 0.18875 0.035
1 0.661875 0.365 0.17375 0.03666666666666667
1 0.7675 0.5733333333333334 0.1925 0.08666666666666667
1 0.754375 0.6491666666666667 0.07125 0.03166666666666667
2 0.725625 0.7633333333333333 0.09625 0.10666666666666667
3 0.179375 0.8991666666666667 0.03375 0.051666666666666666
3 0.30125 0.8933333333333333 0.0375 0.05
3 0.418125 0.8758333333333334 0.04125 0.055
3 0.14625 0.2708333333333333 0.0425 0.055
3 0.251875 0.26666666666666666 0.04625 0.06
3 0.4075 0.18833333333333332 0.0525 0.07333333333333333
3 0.411875 0.3425 0.05375 0.075
5 0.186875 0.6608333333333334 0.12875 0.09166666666666666
5 0.37875 0.6583333333333333 0.1225 0.09
5 0.288125 0.7658333333333334 0.13125 0.085
3 0.645625 0.19916666666666666 0.03875 0.058333333333333334
5 0.658125 0.24583333333333332 0.14625 0.195
0 0.305625 0.2633333333333333 0.50125 0.52
0 0.77 0.2625 0.455 0.525
0 0.3 0.7491666666666666 0.53 0.485
0 0.76875 0.7458333333333333 0.455 0.48833333333333334
