0 0.31375 0.23606271777003485 0.48 0.4721254355400697
0 0.775625 0.23780487804878048 0.44375 0.4721254355400697
0 0.775625 0.6951219512195121 0.44375 0.4425087108013937
0 0.31125 0.6968641114982579 0.4825 0.4425087108013937
1 0.434375 0.6149825783972126 0.20125 0.13240418118466898
1 0.150625 0.04006968641114982 0.10875 0.059233449477351915
1 0.205625 0.13414634146341464 0.09125 0.03484320557491289
1 0.39375 0.15156794425087108 0.11 0.03484320557491289
1 0.29125 0.3118466898954704 0.095 0.03484320557491289
2 0.2 0.18728222996515678 0.05 0.04355400696864112
2 0.38625 0.1986062717770035 0.0425 0.04529616724738676
2 0.288125 0.35627177700348434 0.04375 0.04006968641114982
5 0.213125 0.18118466898954705 0.13125 0.18466898954703834
5 0.3925 0.18554006968641115 0.1275 0.18292682926829268
5 0.296875 0.34843205574912894 0.13125 0.18466898954703834
1 0.12875 0.5296167247386759 0.0725 0.05574912891986063
6 0.215625 0.7482578397212544 0.20375 0.2804878048780488
1 0.608125 0.03484320557491289 0.07375 0.04878048780487805
1 0.61125 0.2465156794425087 0.0675 0.036585365853658534
1 0.781875 0.25435540069686413 0.10875 0.027874564459930314
1 0.915 0.2456445993031359 0.0575 0.027874564459930314
4 0.631875 0.24738675958188153 0.13375 0.1951219512195122
4 0.78375 0.24825783972125434 0.1325 0.19337979094076654
4 0.9325 0.2508710801393728 0.1325 0.18815331010452963
1 0.6025 0.5322299651567944 0.07 0.050522648083623695
1 0.7525 0.7177700348432056 0.1175 0.04529616724738676
