1 0.28125 0.1275 0.26 0.10833333333333334
1 0.725625 0.09166666666666666 0.24375 0.09
2 0.72 0.7266666666666667 0.18 0.12333333333333334
3 0.145 0.7975 0.065 0.08166666666666667
3 0.339375 0.775 0.05875 0.07666666666666666
3 0.454375 0.765 0.05375 0.08333333333333333
1 0.748125 0.5125 0.22625 0.06833333333333333
5 0.591875 0.26916666666666667 0.10375 0.155
3 0.586875 0.23916666666666667 0.02625 0.055
1 0.58625 0.29333333333333333 0.0625 0.04666666666666667
1 0.80625 0.2175 0.17 0.051666666666666666
1 0.815625 0.2791666666666667 0.18375 0.051666666666666666
1 0.8225 0.3825 0.175 0.03833333333333333
1 0.610625 0.4008333333333333 0.13125 0.04833333333333333
3 0.1075 0.2916666666666667 0.07 0.08666666666666667
3 0.458125 0.33 0.05375 0.056666666666666664
3 0.4325 0.20416666666666666 0.05 0.085
1 0.29625 0.5391666666666667 0.1425 0.051666666666666666
1 0.70125 0.6141666666666666 0.1225 0.06166666666666667
1 0.09625 0.37833333333333335 0.0825 0.056666666666666664
1 0.2575 0.3825 0.0775 0.051666666666666666
1 0.45 0.4025 0.08 0.051666666666666666
1 0.264375 0.6633333333333333 0.06125 0.06333333333333334
1 0.40625 0.6133333333333333 0.06 0.03666666666666667
1 0.125625 0.6183333333333333 0.04625 0.04
1 0.435625 0.2625 0.08125 0.03833333333333333
5 0.131875 0.6166666666666667 0.08125 0.06333333333333334
5 0.27 0.6558333333333334 0.1025 0.10166666666666667
5 0.420625 0.6091666666666666 0.11875 0.08166666666666667
3 0.25 0.2816666666666667 0.0725 0.07333333333333333
0 0.7325 0.235 0.4875 0.4633333333333333
0 0.273125 0.26666666666666666 0.51375 0.47
0 0.265 0.7233333333333334 0.53 0.5333333333333333
0 0.756875 0.7008333333333333 0.48625 0.5116666666666667
