0 0.26125 0.23583333333333334 0.4575 0.42833333333333334
0 0.7325 0.24666666666666667 0.465 0.44666666666666666
0 0.270625 0.735 0.45875 0.5166666666666667
0 0.740625 0.7316666666666667 0.46875 0.5366666666666666
1 0.100625 0.059166666666666666 0.10125 0.041666666666666664
1 0.11125 0.1925 0.085 0.028333333333333332
1 0.253125 0.19583333333333333 0.09625 0.035
1 0.40625 0.20583333333333334 0.095 0.065
1 0.110625 0.335 0.06125 0.04666666666666667
1 0.24875 0.31583333333333335 0.07 0.03833333333333333
1 0.399375 0.32083333333333336 0.10125 0.041666666666666664
5 0.11125 0.22666666666666666 0.1075 0.15333333333333332
5 0.25625 0.22083333333333333 0.105 0.145
5 0.40625 0.22333333333333333 0.105 0.16
3 0.111875 0.25 0.03625 0.04666666666666667
3 0.255625 0.2475 0.02875 0.041666666666666664
1 0.0875 0.5216666666666666 0.085 0.043333333333333335
7 0.1875 0.7366666666666667 0.2575 0.26
1 0.396875 0.6591666666666667 0.17375 0.16166666666666665
1 0.546875 0.5291666666666667 0.06875 0.045
1 0.658125 0.7133333333333334 0.07125 0.04
1 0.545 0.0525 0.0675 0.041666666666666664
1 0.555625 0.20166666666666666 0.07125 0.03666666666666667
1 0.71875 0.20333333333333334 0.0975 0.03333333333333333
1 0.874375 0.21 0.05625 0.04
1 0.558125 0.3275 0.09875 0.04833333333333333
1 0.714375 0.3325 0.09375 0.045
1 0.8675 0.3425 0.05 0.03166666666666667
2 0.558125 0.2525 0.03625 0.045
2 0.72 0.25 0.0325 0.04666666666666667
2 0.87375 0.25833333333333336 0.04 0.05
4 0.564375 0.22333333333333333 0.10625 0.14666666666666667
4 0.71875 0.22916666666666666 0.11 0.15166666666666667
4 0.87875 0.23333333333333334 0.12 0.16666666666666666
