1 0.623125 0.585 0.13875 0.09
1 0.09625 0.5633333333333334 0.15 0.06
1 0.405625 0.6316666666666667 0.15875 0.05
1 0.413125 0.7541666666666667 0.13375 0.055
1 0.44125 0.8775 0.09 0.03833333333333333
1 0.705 0.8033333333333333 0.1475 0.06
1 0.93 0.36 0.08 0.04666666666666667
1 0.76125 0.38 0.115 0.06
1 0.561875 0.3908333333333333 0.11375 0.06166666666666667
1 0.613125 0.2275 0.08125 0.055
1 0.80875 0.235 0.11 0.056666666666666664
1 0.960625 0.23166666666666666 0.05125 0.04
1 0.415625 0.205 0.11625 0.04
1 0.2825 0.19666666666666666 0.11 0.043333333333333335
1 0.105625 0.16833333333333333 0.14625 0.043333333333333335
1 0.105 0.045 0.1525 0.05
1 0.573125 0.04583333333333333 0.12875 0.051666666666666666
1 0.40875 0.385 0.115 0.05333333333333334
1 0.269375 0.36583333333333334 0.08375 0.051666666666666666
1 0.09375 0.3725 0.095 0.058333333333333334
2 0.0825 0.23166666666666666 0.08 0.05333333333333334
2 0.278125 0.24416666666666667 0.08125 0.041666666666666664
2 0.40625 0.2675 0.0775 0.045
5 0.413125 0.2425 0.12625 0.215
5 0.276875 0.225 0.13625 0.20666666666666667
5 0.1025 0.21666666666666667 0.1925 0.21
3 0.54625 0.21833333333333332 0.055 0.09666666666666666
3 0.73375 0.2275 0.0525 0.09833333333333333
3 0.9125 0.21166666666666667 0.0525 0.056666666666666664
4 0.586875 0.22 0.16625 0.17666666666666667
4 0.785625 0.225 0.17875 0.13666666666666666
4 0.933125 0.21666666666666667 0.10625 0.11333333333333333
8 0.16375 0.8058333333333333 0.275 0.3016666666666667
0 0.745 0.7425 0.5075 0.5116666666666667
0 0.2425 0.24083333333333334 0.485 0.4816666666666667
0 0.246875 0.7408333333333333 0.49375 0.5116666666666667
0 0.738125 0.25083333333333335 0.49875 0.49166666666666664
