1 0.060625 0.051666666666666666 0.06625 0.03666666666666667
1 0.108125 0.37 0.05125 0.03
1 0.221875 0.3675 0.04375 0.025
1 0.355 0.37 0.0625 0.02666666666666667
1 0.505 0.0475 0.04 0.03166666666666667
1 0.585625 0.12416666666666666 0.03375 0.028333333333333332
1 0.584375 0.25916666666666666 0.05125 0.03166666666666667
1 0.58875 0.38083333333333336 0.035 0.03166666666666667
1 0.735 0.12083333333333333 0.0775 0.058333333333333334
1 0.75125 0.24166666666666667 0.1275 0.043333333333333335
1 0.74125 0.3675 0.1 0.04833333333333333
1 0.705 0.6616666666666666 0.0775 0.06666666666666667
1 0.511875 0.4583333333333333 0.04375 0.03
1 0.395 0.55 0.135 0.12666666666666668
1 0.043125 0.495 0.05375 0.03333333333333333
5 0.12 0.2833333333333333 0.105 0.13666666666666666
5 0.23125 0.2866666666666667 0.105 0.13333333333333333
5 0.3425 0.295 0.1 0.13
4 0.57625 0.12416666666666666 0.08 0.095
4 0.575 0.25916666666666666 0.08 0.075
4 0.576875 0.37916666666666665 0.08625 0.075
3 0.55125 0.12416666666666666 0.02 0.03833333333333333
3 0.549375 0.2633333333333333 0.01875 0.03333333333333333
3 0.551875 0.385 0.01875 0.03
7 0.226875 0.6808333333333333 0.30125 0.2683333333333333
0 0.74625 0.6825 0.5075 0.49166666666666664
0 0.73 0.22 0.5 0.42
0 0.249375 0.6925 0.48875 0.495
0 0.245625 0.22916666666666666 0.47125 0.425
