1 0.084375 0.04673721340388007 0.10875 0.047619047619047616
1 0.57875 0.05731922398589065 0.0725 0.04056437389770723
1 0.079375 0.2689594356261023 0.11125 0.06172839506172839
1 0.260625 0.23897707231040563 0.11125 0.04056437389770723
1 0.453125 0.26455026455026454 0.12625 0.05291005291005291
1 0.079375 0.4497354497354497 0.06875 0.0564373897707231
1 0.269375 0.42416225749559083 0.06625 0.047619047619047616
1 0.433125 0.41710758377425045 0.10875 0.05114638447971781
1 0.5975 0.40476190476190477 0.1025 0.06172839506172839
1 0.754375 0.4012345679012346 0.07875 0.08289241622574955
1 0.900625 0.3985890652557319 0.05375 0.03880070546737213
3 0.74125 0.23985890652557318 0.03 0.04938271604938271
3 0.581875 0.23897707231040563 0.02625 0.05114638447971781
3 0.8875 0.24867724867724866 0.03 0.059964726631393295
4 0.61125 0.25220458553791886 0.11 0.18342151675485008
4 0.770625 0.25485008818342153 0.11125 0.19223985890652556
4 0.921875 0.263668430335097 0.12125 0.19223985890652556
5 0.084375 0.2716049382716049 0.14625 0.2257495590828924
5 0.274375 0.26631393298059963 0.16125 0.2222222222222222
5 0.450625 0.263668430335097 0.14625 0.2239858906525573
1 0.073125 0.5749559082892416 0.09875 0.04938271604938271
1 0.37875 0.6040564373897708 0.235 0.07231040564373897
8 0.158125 0.7619047619047619 0.22375 0.2222222222222222
1 0.578125 0.5652557319223986 0.07625 0.04409171075837742
1 0.68125 0.7310405643738977 0.11 0.05114638447971781
0 0.75625 0.263668430335097 0.4775 0.5167548500881834
0 0.7575 0.7530864197530864 0.475 0.49382716049382713
0 0.265625 0.7548500881834215 0.53125 0.49029982363315694
0 0.266875 0.2751322751322751 0.53375 0.5502645502645502
1 0.405625 0.6640211640211641 0.20625 0.047619047619047616
1 0.410625 0.7380952380952381 0.16375 0.04409171075837742
