1 0.401875 0.6432584269662921 0.17125 0.04307116104868914
1 0.410625 0.7088014981273408 0.16625 0.04307116104868914
1 0.421875 0.7893258426966292 0.06625 0.04307116104868914
1 0.563125 0.552434456928839 0.05875 0.033707865168539325
1 0.706875 0.7294007490636704 0.07375 0.035580524344569285
1 0.083125 0.5589887640449438 0.05875 0.031835205992509365
7 0.193125 0.798689138576779 0.24625 0.3202247191011236
1 0.085625 0.2050561797752809 0.07625 0.031835205992509365
3 0.0825 0.2799625468164794 0.0325 0.04307116104868914
1 0.083125 0.37640449438202245 0.05125 0.033707865168539325
1 0.24625 0.1956928838951311 0.085 0.031835205992509365
3 0.241875 0.2612359550561798 0.03625 0.03932584269662921
1 0.24625 0.35674157303370785 0.055 0.028089887640449437
3 0.379375 0.25842696629213485 0.02375 0.033707865168539325
1 0.389375 0.20131086142322097 0.07875 0.054307116104868915
1 0.405625 0.3408239700374532 0.08625 0.0299625468164794
1 0.08625 0.06273408239700375 0.0825 0.04307116104868914
5 0.086875 0.24719101123595505 0.10625 0.17228464419475656
5 0.244375 0.23220973782771537 0.10875 0.1760299625468165
5 0.3925 0.22284644194756553 0.11 0.17228464419475656
1 0.544375 0.0449438202247191 0.04625 0.0299625468164794
1 0.571875 0.20318352059925093 0.05375 0.035580524344569285
1 0.736875 0.1900749063670412 0.08625 0.028089887640449437
2 0.736875 0.2565543071161049 0.03875 0.03745318352059925
2 0.57375 0.2612359550561798 0.035 0.03932584269662921
1 0.576875 0.37453183520599254 0.07875 0.04119850187265917
1 0.73875 0.35674157303370785 0.0625 0.03932584269662921
1 0.900625 0.34269662921348315 0.04375 0.026217228464419477
2 0.895625 0.24719101123595505 0.04125 0.04868913857677903
1 0.889375 0.1891385767790262 0.04125 0.026217228464419477
4 0.89875 0.21629213483146068 0.0975 0.17790262172284643
4 0.73375 0.22378277153558052 0.1025 0.17415730337078653
4 0.58125 0.23127340823970038 0.095 0.1704119850187266
0 0.74625 0.25280898876404495 0.505 0.5056179775280899
0 0.751875 0.7340823970037453 0.49375 0.5243445692883895
0 0.269375 0.7443820224719101 0.53875 0.5037453183520599
0 0.256875 0.26779026217228463 0.51375 0.5355805243445693
