1 0.72 0.07083333333333333 0.25 0.08166666666666667
1 0.826875 0.1475 0.18625 0.051666666666666666
1 0.828125 0.20333333333333334 0.19375 0.043333333333333335
1 0.81875 0.28583333333333333 0.1825 0.06166666666666667
1 0.611875 0.30083333333333334 0.16875 0.055
1 0.61125 0.19166666666666668 0.09 0.05333333333333334
3 0.60375 0.1325 0.04 0.058333333333333334
1 0.27 0.055 0.19 0.06666666666666667
1 0.729375 0.49166666666666664 0.22375 0.09333333333333334
1 0.208125 0.4816666666666667 0.12375 0.07333333333333333
1 0.68125 0.6016666666666667 0.0975 0.06
2 0.67375 0.7525 0.19 0.195
1 0.345 0.5741666666666667 0.0875 0.058333333333333334
5 0.34375 0.5841666666666666 0.135 0.105
1 0.1275 0.5483333333333333 0.095 0.06666666666666667
5 0.125 0.565 0.13 0.11666666666666667
1 0.248125 0.6575 0.12125 0.085
5 0.24375 0.6583333333333333 0.1575 0.13333333333333333
3 0.438125 0.7783333333333333 0.04125 0.05
3 0.2525 0.8291666666666667 0.04 0.041666666666666664
3 0.085 0.79 0.0375 0.043333333333333335
1 0.371875 0.31166666666666665 0.07625 0.043333333333333335
3 0.358125 0.25833333333333336 0.03625 0.04666666666666667
1 0.105625 0.19833333333333333 0.06875 0.04666666666666667
1 0.218125 0.20166666666666666 0.08375 0.043333333333333335
1 0.366875 0.15666666666666668 0.09375 0.043333333333333335
3 0.203125 0.15 0.03375 0.04
3 0.101875 0.14666666666666667 0.04625 0.06
3 0.34 0.1175 0.0325 0.03833333333333333
0 0.735 0.2275 0.44 0.425
0 0.734375 0.6891666666666667 0.43875 0.49833333333333335
0 0.275625 0.6833333333333333 0.48125 0.51
0 0.27625 0.22166666666666668 0.48 0.41333333333333333
5 0.606875 0.17 0.14125 0.16666666666666666
