2 0.74625 0.8025 0.1775 0.15833333333333333
1 0.715 0.655 0.0925 0.03333333333333333
1 0.704375 0.5433333333333333 0.20875 0.07
3 0.61625 0.18 0.0525 0.06
1 0.625 0.23166666666666666 0.0875 0.04666666666666667
5 0.6225 0.21166666666666667 0.1175 0.15333333333333332
1 0.609375 0.355 0.18375 0.05
1 0.855625 0.18083333333333335 0.19125 0.06166666666666667
1 0.87125 0.2808333333333333 0.2325 0.051666666666666666
1 0.849375 0.37166666666666665 0.19375 0.05
1 0.66875 0.08666666666666667 0.2275 0.07666666666666666
1 0.08125 0.615 0.095 0.05
1 0.30875 0.6241666666666666 0.085 0.041666666666666664
1 0.19875 0.7341666666666666 0.105 0.065
1 0.1825 0.5366666666666666 0.12 0.06666666666666667
3 0.06 0.8658333333333333 0.045 0.058333333333333334
3 0.245 0.8758333333333334 0.04 0.058333333333333334
3 0.414375 0.8083333333333333 0.04125 0.06333333333333334
3 0.033125 0.25916666666666666 0.04625 0.065
3 0.15875 0.27166666666666667 0.0475 0.06333333333333334
3 0.33375 0.17916666666666667 0.0475 0.055
1 0.38125 0.23 0.1125 0.05333333333333334
3 0.34875 0.345 0.0525 0.06
1 0.38625 0.41 0.09 0.056666666666666664
1 0.15375 0.049166666666666664 0.2125 0.075
0 0.745 0.2633333333333333 0.51 0.46
0 0.254375 0.24916666666666668 0.50875 0.49166666666666664
0 0.739375 0.7341666666666666 0.52125 0.5316666666666666
0 0.24875 0.7325 0.4975 0.535
