1 0.645 0.155 0.22 0.05333333333333334
3 0.571875 0.24916666666666668 0.02375 0.028333333333333332
1 0.58 0.2941666666666667 0.0725 0.045
5 0.576875 0.2875 0.10375 0.12833333333333333
1 0.58875 0.3875 0.1525 0.035
1 0.836875 0.22833333333333333 0.18125 0.04666666666666667
1 0.85875 0.30583333333333335 0.2375 0.041666666666666664
1 0.843125 0.39 0.17375 0.043333333333333335
1 0.71625 0.52 0.21 0.07666666666666666
1 0.7 0.6775 0.0875 0.03833333333333333
2 0.68875 0.7516666666666667 0.1125 0.09333333333333334
1 0.194375 0.16916666666666666 0.20625 0.06833333333333333
3 0.3575 0.225 0.05 0.05
3 0.21375 0.31666666666666665 0.0425 0.05333333333333334
3 0.0625 0.32083333333333336 0.04 0.04833333333333333
1 0.393125 0.26916666666666667 0.11125 0.03833333333333333
3 0.36125 0.3591666666666667 0.05 0.045
1 0.389375 0.4091666666666667 0.07875 0.03833333333333333
1 0.208125 0.38666666666666666 0.09125 0.05
1 0.046875 0.37583333333333335 0.06125 0.04833333333333333
1 0.24625 0.515 0.115 0.06333333333333334
1 0.104375 0.6283333333333333 0.07875 0.03666666666666667
1 0.33375 0.635 0.07 0.03666666666666667
1 0.205625 0.7508333333333334 0.06875 0.04833333333333333
3 0.085625 0.8491666666666666 0.02625 0.03166666666666667
3 0.235 0.8683333333333333 0.03 0.03
3 0.41375 0.8233333333333334 0.0275 0.03
0 0.72875 0.2991666666666667 0.5225 0.4083333333333333
0 0.73625 0.6975 0.5075 0.49166666666666664
0 0.248125 0.285 0.49125 0.38
0 0.254375 0.6983333333333334 0.50125 0.49
5 0.333125 0.635 0.12875 0.09666666666666666
5 0.209375 0.75 0.13375 0.09666666666666666
5 0.104375 0.625 0.13375 0.1
