1 0.698125 0.7579143389199255 0.14625 0.0931098696461825
1 0.60625 0.6201117318435754 0.1075 0.0595903165735568
1 0.606875 0.3258845437616387 0.10125 0.0595903165735568
1 0.748125 0.30726256983240224 0.10625 0.0595903165735568
1 0.895625 0.27001862197392923 0.08625 0.074487895716946
1 0.925625 0.13687150837988826 0.04625 0.054003724394785846
3 0.88625 0.1424581005586592 0.025 0.04655493482309125
1 0.771875 0.15828677839851024 0.10625 0.0521415270018622
3 0.70625 0.17039106145251395 0.025 0.04283054003724395
1 0.61375 0.18063314711359404 0.07 0.0446927374301676
3 0.56625 0.1871508379888268 0.02 0.03910614525139665
4 0.615 0.18156424581005587 0.1325 0.16201117318435754
4 0.760625 0.16294227188081936 0.15375 0.16573556797020483
4 0.91625 0.1378026070763501 0.1 0.1303538175046555
1 0.584375 0.06238361266294227 0.07375 0.061452513966480445
1 0.42 0.3780260707635009 0.135 0.0856610800744879
1 0.256875 0.38640595903165736 0.06875 0.061452513966480445
1 0.089375 0.3891992551210428 0.08625 0.07076350093109869
1 0.095 0.08752327746741155 0.1075 0.0521415270018622
1 0.10875 0.21135940409683426 0.115 0.03910614525139665
1 0.28375 0.18156424581005587 0.125 0.04655493482309125
1 0.43375 0.17783985102420857 0.1225 0.05027932960893855
2 0.425 0.2346368715083799 0.0675 0.055865921787709494
2 0.26875 0.23743016759776536 0.07 0.061452513966480445
2 0.0975 0.2569832402234637 0.0675 0.0633147113594041
5 0.11375 0.23556797020484171 0.1525 0.21415270018621974
5 0.27875 0.2169459962756052 0.1575 0.22532588454376165
5 0.43125 0.20204841713221602 0.1375 0.22905027932960895
1 0.073125 0.6461824953445066 0.09125 0.0595903165735568
1 0.4 0.6769087523277467 0.2225 0.07262569832402235
1 0.398125 0.7430167597765364 0.22375 0.0670391061452514
1 0.36375 0.8165735567970205 0.195 0.07635009310986965
8 0.1475 0.8044692737430168 0.2 0.2122905027932961
0 0.76125 0.7839851024208566 0.4775 0.43202979515828677
0 0.261875 0.7867783985102421 0.52375 0.4264432029795158
0 0.758125 0.28957169459962756 0.48375 0.5456238361266295
0 0.259375 0.2942271880819367 0.51875 0.5512104283054003
