1 0.0925 0.0671785028790787 0.105 0.0690978886756238
1 0.15125 0.20825335892514396 0.1075 0.0671785028790787
1 0.313125 0.18426103646833014 0.10125 0.05758157389635317
1 0.4475 0.18809980806142035 0.1175 0.06525911708253358
1 0.13375 0.3310940499040307 0.0675 0.05566218809980806
1 0.26375 0.31381957773512476 0.0675 0.05182341650671785
1 0.444375 0.29846449136276393 0.08875 0.044145873320537425
1 0.56875 0.04030710172744722 0.0675 0.053742802303262956
1 0.62125 0.2619961612284069 0.0775 0.0671785028790787
1 0.759375 0.23128598848368523 0.08125 0.06333973128598848
1 0.900625 0.2034548944337812 0.05125 0.04222648752399232
3 0.601875 0.12284069097888675 0.03375 0.046065259117082535
3 0.736875 0.11324376199616124 0.03625 0.053742802303262956
3 0.89125 0.09117082533589252 0.0375 0.04030710172744722
1 0.081875 0.6420345489443378 0.07625 0.05566218809980806
1 0.383125 0.6458733205374281 0.16875 0.07485604606525911
1 0.5775 0.5374280230326296 0.085 0.04222648752399232
1 0.72875 0.6890595009596929 0.1025 0.05758157389635317
5 0.14375 0.21017274472168906 0.145 0.16698656429942418
5 0.298125 0.19193857965451055 0.15125 0.15738963531669867
5 0.448125 0.18234165067178504 0.13375 0.14971209213051823
4 0.62625 0.14491362763915547 0.1 0.15163147792706333
4 0.76125 0.12284069097888675 0.1025 0.14587332053742802
4 0.893125 0.09404990403071017 0.09625 0.1343570057581574
0 0.26125 0.29942418426103645 0.5225 0.5988483685220729
0 0.751875 0.255278310940499 0.48875 0.5067178502879078
0 0.745625 0.7303262955854126 0.50875 0.527831094049904
8 0.20875 0.8291746641074856 0.2825 0.2034548944337812
1 0.403125 0.7034548944337812 0.16875 0.05182341650671785
1 0.4075 0.7696737044145874 0.12 0.04222648752399232
0 0.259375 0.7456813819577736 0.51875 0.5009596928982726
