1 0.060625 0.5442477876106194 0.07125 0.033628318584070796
6 0.128125 0.7300884955752213 0.13375 0.1929203539823009
1 0.3325 0.6256637168141593 0.1975 0.04424778761061947
1 0.333125 0.6707964601769911 0.19375 0.035398230088495575
1 0.30125 0.7132743362831858 0.1225 0.035398230088495575
1 0.55 0.5530973451327433 0.0625 0.033628318584070796
1 0.621875 0.7026548672566372 0.06875 0.0743362831858407
1 0.079375 0.02920353982300885 0.10375 0.03008849557522124
2 0.113125 0.20265486725663717 0.03875 0.03716814159292035
1 0.1225 0.15309734513274337 0.095 0.03008849557522124
5 0.12625 0.17256637168141592 0.125 0.17168141592920355
1 0.2075 0.3407079646017699 0.0975 0.03716814159292035
2 0.200625 0.3911504424778761 0.04625 0.04601769911504425
5 0.2175 0.3663716814159292 0.1375 0.17699115044247787
1 0.304375 0.15221238938053097 0.11375 0.04247787610619469
2 0.290625 0.19380530973451326 0.03875 0.04070796460176991
5 0.299375 0.17079646017699116 0.13125 0.168141592920354
1 0.550625 0.02566371681415929 0.05875 0.03008849557522124
1 0.5775 0.20530973451327433 0.0625 0.03893805309734513
4 0.584375 0.20619469026548673 0.10625 0.13982300884955753
1 0.729375 0.19646017699115045 0.10625 0.035398230088495575
4 0.726875 0.2079646017699115 0.11875 0.15752212389380532
1 0.86375 0.19380530973451326 0.0575 0.033628318584070796
4 0.86625 0.20088495575221238 0.11 0.15752212389380532
0 0.7475 0.2628318584070796 0.505 0.5256637168141592
0 0.745 0.7557522123893805 0.51 0.48849557522123893
0 0.2525 0.7486725663716814 0.505 0.5026548672566372
0 0.254375 0.2610619469026549 0.50875 0.5221238938053098
