1 0.57625 0.11666666666666667 0.0525 0.03333333333333333
1 0.613125 0.3325 0.10375 0.041666666666666664
1 0.7925 0.30666666666666664 0.085 0.04
1 0.920625 0.2941666666666667 0.05125 0.025
3 0.89 0.21833333333333332 0.02 0.023333333333333334
3 0.751875 0.22083333333333333 0.01875 0.028333333333333332
3 0.5975 0.22916666666666666 0.0225 0.03166666666666667
4 0.62875 0.22833333333333333 0.12 0.09666666666666666
4 0.781875 0.22333333333333333 0.12625 0.09
4 0.918125 0.22083333333333333 0.10375 0.08833333333333333
1 0.454375 0.31083333333333335 0.08625 0.03833333333333333
1 0.451875 0.21166666666666667 0.10125 0.04666666666666667
1 0.285 0.31833333333333336 0.0775 0.03333333333333333
1 0.29 0.2 0.1 0.03333333333333333
1 0.10625 0.3458333333333333 0.0825 0.041666666666666664
1 0.1025 0.19916666666666666 0.12 0.04833333333333333
1 0.085625 0.035 0.11125 0.03333333333333333
5 0.106875 0.21333333333333335 0.14375 0.16333333333333333
5 0.29875 0.21833333333333332 0.1425 0.14666666666666667
5 0.453125 0.21916666666666668 0.11375 0.13166666666666665
1 0.383125 0.6291666666666667 0.13375 0.06166666666666667
1 0.40375 0.58 0.2 0.056666666666666664
1 0.373125 0.5341666666666667 0.22625 0.06833333333333333
8 0.16 0.6741666666666667 0.225 0.215
1 0.62375 0.5258333333333334 0.0875 0.058333333333333334
1 0.78625 0.6933333333333334 0.1075 0.05
0 0.77625 0.7316666666666667 0.4475 0.5366666666666666
0 0.311875 0.7383333333333333 0.62375 0.5233333333333333
0 0.765625 0.26916666666666667 0.46875 0.43166666666666664
0 0.2775 0.25666666666666665 0.555 0.5133333333333333
