1 0.124375 0.07777777777777778 0.06625 0.04
1 0.139375 0.14555555555555555 0.07125 0.042222222222222223
1 0.243125 0.14444444444444443 0.06875 0.04
1 0.360625 0.1411111111111111 0.09375 0.051111111111111114
1 0.1375 0.2733333333333333 0.0475 0.04
1 0.234375 0.2777777777777778 0.05125 0.04
1 0.356875 0.2688888888888889 0.07875 0.035555555555555556
1 0.125 0.5255555555555556 0.0525 0.042222222222222223
1 0.339375 0.5955555555555555 0.15125 0.17333333333333334
1 0.495 0.08888888888888889 0.0575 0.044444444444444446
1 0.49 0.33444444444444443 0.06 0.03777777777777778
1 0.61875 0.3333333333333333 0.0525 0.05333333333333334
1 0.74375 0.3188888888888889 0.04 0.03777777777777778
1 0.4875 0.5066666666666667 0.055 0.044444444444444446
1 0.56875 0.6144444444444445 0.085 0.051111111111111114
5 0.139375 0.1711111111111111 0.10625 0.13777777777777778
5 0.2475 0.17222222222222222 0.1 0.14888888888888888
5 0.363125 0.16444444444444445 0.12375 0.15555555555555556
3 0.48875 0.2111111111111111 0.03 0.04888888888888889
3 0.6125 0.20555555555555555 0.0225 0.04666666666666667
3 0.738125 0.20222222222222222 0.02625 0.057777777777777775
4 0.50625 0.22555555555555556 0.0725 0.14888888888888888
4 0.63375 0.22777777777777777 0.085 0.13111111111111112
4 0.75875 0.22333333333333333 0.1025 0.14444444444444443
8 0.18125 0.6844444444444444 0.16 0.2222222222222222
0 0.256875 0.25555555555555554 0.37375 0.4311111111111111
0 0.6325 0.2477777777777778 0.385 0.44222222222222224
0 0.640625 0.7066666666666667 0.38375 0.48
0 0.2625 0.7188888888888889 0.375 0.5088888888888888
