1 0.1675 0.18444444444444444 0.1125 0.06222222222222222
5 0.184375 0.3088888888888889 0.13375 0.15555555555555556
5 0.37625 0.3111111111111111 0.1825 0.1688888888888889
5 0.286875 0.43444444444444447 0.13625 0.13555555555555557
4 0.539375 0.3244444444444444 0.09125 0.14666666666666667
4 0.66125 0.32222222222222224 0.13 0.15555555555555556
4 0.81 0.33 0.1125 0.12666666666666668
1 0.541875 0.2011111111111111 0.06125 0.05555555555555555
1 0.161875 0.54 0.10375 0.09333333333333334
6 0.196875 0.7355555555555555 0.14875 0.27555555555555555
1 0.3975 0.6844444444444444 0.15 0.26222222222222225
1 0.534375 0.5166666666666667 0.07875 0.06
1 0.623125 0.6766666666666666 0.08875 0.1711111111111111
1 0.534375 0.3333333333333333 0.05625 0.09777777777777778
1 0.660625 0.3277777777777778 0.09875 0.08666666666666667
1 0.806875 0.33444444444444443 0.06625 0.06
1 0.37875 0.2877777777777778 0.14 0.08222222222222222
1 0.184375 0.27444444444444444 0.08625 0.08666666666666667
2 0.163125 0.3522222222222222 0.04375 0.08666666666666667
2 0.275625 0.45444444444444443 0.04875 0.07333333333333333
2 0.36375 0.3522222222222222 0.04 0.07777777777777778
