1 0.388125 0.39943741209563993 0.06125 0.12658227848101267
1 0.47375 0.40717299578059074 0.03 0.052039381153305204
2 0.573125 0.4015471167369902 0.15375 0.11673699015471167
1 0.035625 0.3484528832630098 0.05375 0.15260196905766527
1 0.095625 0.33755274261603374 0.04125 0.1279887482419128
1 0.15875 0.33368495077355836 0.05 0.14838255977496484
1 0.23625 0.3350914205344585 0.04 0.13291139240506328
1 0.28125 0.4978902953586498 0.0375 0.11533052039381153
3 0.136875 0.5274261603375527 0.03625 0.01969057665260197
1 0.19625 0.5210970464135021 0.0425 0.05063291139240506
5 0.159375 0.5144163150492265 0.14125 0.08368495077355836
1 0.41 0.8157524613220816 0.045 0.06610407876230662
1 0.4625 0.7556258790436006 0.025 0.05414908579465542
1 0.54875 0.8277074542897328 0.05 0.052039381153305204
1 0.46875 0.9075246132208158 0.0325 0.052742616033755275
3 0.61375 0.7208157524613221 0.035 0.02390998593530239
3 0.64125 0.8150492264416315 0.0375 0.02390998593530239
3 0.633125 0.9159634317862166 0.03875 0.023206751054852322
1 0.05625 0.7718002812939522 0.045 0.11884669479606189
3 0.115 0.6673699015471167 0.045 0.030942334739803096
1 0.165625 0.6666666666666666 0.03875 0.08157524613220815
1 0.338125 0.6916315049226441 0.02875 0.06118143459915612
3 0.2825 0.6909282700421941 0.05 0.03305203938115331
3 0.196875 0.8561884669479606 0.03625 0.030239099859353025
1 0.26125 0.8445850914205345 0.0575 0.06610407876230662
3 0.2025 0.9374120956399438 0.04 0.02250351617440225
1 0.25875 0.9458509142053446 0.035 0.04781997187060478
0 0.529375 0.4057665260196906 0.38125 0.3530239099859353
0 0.5375 0.7714486638537271 0.3625 0.3909985935302391
0 0.179375 0.4040084388185654 0.35875 0.349507735583685
0 0.190625 0.770745428973277 0.38125 0.3980309423347398
5 0.465 0.7482419127988749 0.065 0.08016877637130802
5 0.540625 0.8220815752461322 0.06625 0.07735583684950774
5 0.468125 0.9008438818565401 0.06625 0.08438818565400844
