1 0.530625 0.14333333333333334 0.06625 0.051111111111111114
1 0.54375 0.27111111111111114 0.0725 0.044444444444444446
1 0.684375 0.28444444444444444 0.12375 0.05333333333333334
1 0.79875 0.2777777777777778 0.065 0.044444444444444446
1 0.80125 0.4211111111111111 0.0625 0.04666666666666667
1 0.6875 0.43555555555555553 0.085 0.057777777777777775
1 0.545 0.42333333333333334 0.09 0.06444444444444444
1 0.535625 0.5166666666666667 0.09125 0.06444444444444444
1 0.581875 0.71 0.10625 0.051111111111111114
1 0.375625 0.6377777777777778 0.20125 0.22666666666666666
1 0.119375 0.5577777777777778 0.07875 0.06222222222222222
7 0.166875 0.7288888888888889 0.15875 0.26222222222222225
1 0.37625 0.4011111111111111 0.095 0.06888888888888889
1 0.140625 0.16555555555555557 0.08875 0.06888888888888889
3 0.356875 0.30444444444444446 0.03125 0.044444444444444446
3 0.241875 0.31666666666666665 0.04125 0.06444444444444444
3 0.12 0.31777777777777777 0.035 0.04888888888888889
1 0.129375 0.26555555555555554 0.10625 0.051111111111111114
5 0.1325 0.29777777777777775 0.1225 0.18222222222222223
1 0.2425 0.25333333333333335 0.0975 0.057777777777777775
5 0.245625 0.2866666666666667 0.10625 0.17333333333333334
1 0.370625 0.2677777777777778 0.11625 0.06444444444444444
5 0.37375 0.27444444444444444 0.14 0.16666666666666666
4 0.54 0.30777777777777776 0.1025 0.13555555555555557
4 0.675625 0.3055555555555556 0.15125 0.1622222222222222
4 0.80375 0.2966666666666667 0.1075 0.15777777777777777
1 0.2275 0.4111111111111111 0.0525 0.04888888888888889
1 0.115625 0.42777777777777776 0.06125 0.05555555555555555
0 0.7075 0.7355555555555555 0.435 0.5288888888888889
0 0.2625 0.7266666666666667 0.415 0.48444444444444446
0 0.28 0.25333333333333335 0.405 0.4088888888888889
0 0.69125 0.26 0.4075 0.40444444444444444
2 0.535625 0.3244444444444444 0.03375 0.06666666666666667
2 0.66875 0.3333333333333333 0.0475 0.057777777777777775
2 0.795 0.3244444444444444 0.03 0.05333333333333334
