1 0.58375 0.5244444444444445 0.1025 0.06666666666666667
1 0.703125 0.6977777777777778 0.10375 0.06222222222222222
1 0.781875 0.35555555555555557 0.05875 0.04888888888888889
1 0.680625 0.3655555555555556 0.08375 0.06444444444444444
1 0.55875 0.3811111111111111 0.1 0.06444444444444444
1 0.54625 0.08777777777777777 0.085 0.06
1 0.203125 0.09 0.14125 0.07333333333333333
1 0.43625 0.18666666666666668 0.0875 0.08
1 0.33 0.19555555555555557 0.0975 0.04888888888888889
1 0.209375 0.2011111111111111 0.10625 0.051111111111111114
1 0.4475 0.31222222222222223 0.0825 0.05555555555555555
1 0.336875 0.32 0.07375 0.04888888888888889
1 0.19625 0.32666666666666666 0.0725 0.07111111111111111
1 0.190625 0.5688888888888889 0.11375 0.10222222222222223
1 0.4 0.6366666666666667 0.2 0.06888888888888889
1 0.42125 0.7033333333333334 0.1825 0.06
1 0.415625 0.7633333333333333 0.13375 0.06
5 0.4375 0.18888888888888888 0.1 0.1288888888888889
5 0.330625 0.18555555555555556 0.11625 0.13555555555555557
5 0.206875 0.20666666666666667 0.12125 0.14222222222222222
3 0.525625 0.25 0.02125 0.03333333333333333
3 0.635625 0.24444444444444444 0.01875 0.035555555555555556
3 0.740625 0.2388888888888889 0.02125 0.03333333333333333
4 0.764375 0.24333333333333335 0.10125 0.12222222222222222
4 0.665 0.2477777777777778 0.1 0.12222222222222222
4 0.556875 0.25222222222222224 0.10125 0.12222222222222222
8 0.2225 0.8255555555555556 0.2375 0.32222222222222224
0 0.744375 0.7277777777777777 0.48625 0.5444444444444444
0 0.29 0.74 0.4875 0.52
0 0.291875 0.27555555555555555 0.43625 0.48444444444444446
0 0.693125 0.2577777777777778 0.43125 0.47555555555555556
