0 0.745625 0.21333333333333335 0.50875 0.4266666666666667
0 0.28625 0.7125 0.5725 0.575
0 0.26 0.23083333333333333 0.52 0.46166666666666667
0 0.758125 0.7058333333333333 0.48375 0.5883333333333334
1 0.6075 0.4633333333333333 0.0825 0.043333333333333335
1 0.740625 0.68 0.07625 0.04
1 0.398125 0.5125 0.16125 0.07833333333333334
1 0.435625 0.595 0.17375 0.07666666666666666
1 0.42375 0.7183333333333334 0.14 0.03666666666666667
1 0.083125 0.5316666666666666 0.09875 0.04
7 0.30375 0.78 0.3325 0.30666666666666664
1 0.085625 0.06333333333333334 0.09625 0.04
5 0.089375 0.23833333333333334 0.09625 0.15
5 0.251875 0.23833333333333334 0.09375 0.15333333333333332
5 0.4125 0.23583333333333334 0.0925 0.13833333333333334
1 0.454375 0.3425 0.10875 0.03833333333333333
1 0.231875 0.34833333333333333 0.06875 0.03
1 0.085 0.3475 0.07 0.035
3 0.660625 0.25083333333333335 0.01375 0.018333333333333333
3 0.675 0.375 0.0175 0.02
3 0.66625 0.09916666666666667 0.0175 0.021666666666666667
4 0.706875 0.10166666666666667 0.11625 0.11333333333333333
4 0.7075 0.24833333333333332 0.1125 0.11
4 0.70625 0.3725 0.095 0.085
1 0.873125 0.37 0.14875 0.04
1 0.89875 0.235 0.16 0.043333333333333335
1 0.87 0.09166666666666666 0.095 0.03333333333333333
1 0.715625 0.1 0.06375 0.023333333333333334
1 0.721875 0.24333333333333335 0.09625 0.023333333333333334
1 0.711875 0.37 0.04625 0.02666666666666667
1 0.5525 0.035833333333333335 0.0575 0.041666666666666664
