0 0.28 0.7375 0.4575 0.4583333333333333
0 0.28375 0.3075 0.45 0.5016666666666667
0 0.7225 0.2975 0.47 0.49166666666666664
0 0.72375 0.7366666666666667 0.4625 0.4633333333333333
1 0.656875 0.725 0.07625 0.08666666666666667
1 0.563125 0.55 0.09625 0.04
1 0.560625 0.3 0.06375 0.03333333333333333
1 0.54125 0.07833333333333334 0.0725 0.03333333333333333
4 0.57 0.295 0.12 0.13
4 0.74 0.275 0.135 0.14
1 0.733125 0.27416666666666667 0.10375 0.028333333333333332
1 0.9 0.2683333333333333 0.06 0.02666666666666667
4 0.900625 0.2675 0.10125 0.14166666666666666
2 0.27875 0.4225 0.0675 0.07166666666666667
1 0.265625 0.3625 0.08875 0.028333333333333332
2 0.363125 0.2575 0.05375 0.055
1 0.354375 0.19583333333333333 0.08625 0.04833333333333333
5 0.274375 0.41583333333333333 0.13625 0.17166666666666666
5 0.3625 0.23416666666666666 0.1175 0.15166666666666667
1 0.16 0.20166666666666666 0.0775 0.023333333333333334
2 0.163125 0.2575 0.05375 0.051666666666666666
5 0.159375 0.23666666666666666 0.10625 0.15
1 0.1275 0.07666666666666666 0.1075 0.03666666666666667
1 0.103125 0.5875 0.08125 0.03833333333333333
1 0.360625 0.5791666666666667 0.18125 0.03833333333333333
1 0.36 0.62 0.1825 0.03666666666666667
1 0.335625 0.6691666666666667 0.11125 0.041666666666666664
6 0.1975 0.7533333333333333 0.185 0.24666666666666667
