1 0.079375 0.06 0.13125 0.07478260869565218
1 0.5825 0.06956521739130435 0.08 0.05217391304347826
1 0.606875 0.5678260869565217 0.09625 0.06434782608695652
1 0.075625 0.5452173913043479 0.10875 0.057391304347826085
1 0.400625 0.5808695652173913 0.20625 0.059130434782608696
7 0.11 0.74 0.2175 0.2417391304347826
1 0.754375 0.7521739130434782 0.13625 0.06782608695652174
2 0.599375 0.26869565217391306 0.07875 0.10260869565217391
2 0.75875 0.27043478260869563 0.0775 0.10608695652173913
2 0.905625 0.2747826086956522 0.07375 0.06608695652173913
1 0.579375 0.4052173913043478 0.11875 0.05565217391304348
1 0.770625 0.4043478260869565 0.11625 0.06086956521739131
1 0.918125 0.37043478260869567 0.08375 0.05565217391304348
1 0.26 0.3626086956521739 0.0725 0.06086956521739131
3 0.25375 0.23652173913043478 0.05 0.05565217391304348
3 0.41125 0.2634782608695652 0.0575 0.07478260869565218
3 0.083125 0.2426086956521739 0.04125 0.04695652173913043
1 0.075 0.3617391304347826 0.0875 0.09043478260869565
1 0.411875 0.3660869565217391 0.12125 0.06086956521739131
1 0.426875 0.17130434782608694 0.13125 0.0782608695652174
1 0.261875 0.1565217391304348 0.12125 0.05217391304347826
1 0.094375 0.17391304347826086 0.12375 0.06956521739130435
1 0.615625 0.19130434782608696 0.08375 0.06956521739130435
1 0.779375 0.2008695652173913 0.15125 0.09217391304347826
1 0.91625 0.1956521739130435 0.07 0.04695652173913043
5 0.1 0.21217391304347827 0.1675 0.19826086956521738
5 0.275625 0.20173913043478262 0.15875 0.22260869565217392
5 0.429375 0.20173913043478262 0.15125 0.24
4 0.608125 0.24347826086956523 0.14375 0.23304347826086957
4 0.776875 0.24782608695652175 0.17125 0.23130434782608697
4 0.91375 0.2373913043478261 0.1025 0.19304347826086957
0 0.753125 0.7382608695652174 0.49375 0.52
0 0.265625 0.7339130434782609 0.52625 0.528695652173913
0 0.741875 0.26 0.51625 0.5095652173913043
0 0.26375 0.26 0.5275 0.5060869565217392
1 0.409375 0.6556521739130434 0.19875 0.059130434782608696
1 0.4225 0.7452173913043478 0.1025 0.0782608695652174
