2 0.72375 0.7328385899814471 0.19 0.14100185528756956
1 0.70875 0.601113172541744 0.07 0.04081632653061224
1 0.71 0.4897959183673469 0.16 0.06679035250463822
1 0.605625 0.3200371057513915 0.16125 0.05009276437847866
1 0.579375 0.21985157699443414 0.06375 0.05380333951762523
1 0.6625 0.055658627087198514 0.165 0.06307977736549165
1 0.7975 0.13079777365491652 0.15 0.05380333951762523
1 0.818125 0.19573283858998144 0.18625 0.05009276437847866
1 0.805625 0.2634508348794063 0.15625 0.05194805194805195
3 0.58375 0.15769944341372913 0.0325 0.04081632653061224
5 0.590625 0.20964749536178107 0.12625 0.17068645640074212
3 0.363125 0.14749536178107606 0.03375 0.061224489795918366
1 0.39125 0.18181818181818182 0.0925 0.04081632653061224
3 0.37625 0.3098330241187384 0.04 0.059369202226345084
1 0.385 0.3803339517625232 0.075 0.04823747680890538
1 0.199375 0.29962894248608535 0.07375 0.061224489795918366
1 0.0475 0.2912801484230056 0.055 0.04081632653061224
3 0.20125 0.22263450834879406 0.04 0.059369202226345084
3 0.045625 0.24768089053803338 0.04125 0.0575139146567718
1 0.244375 0.5250463821892394 0.08375 0.059369202226345084
1 0.11875 0.6233766233766234 0.0675 0.04452690166975881
5 0.116875 0.6326530612244898 0.14625 0.1038961038961039
1 0.215 0.7606679035250464 0.07 0.07421150278293136
3 0.40125 0.8283858998144712 0.025 0.04267161410018553
3 0.235 0.911873840445269 0.0275 0.04267161410018553
3 0.025 0.8803339517625232 0.0325 0.04638218923933209
5 0.215625 0.7523191094619666 0.12375 0.10575139146567718
1 0.3475 0.6076066790352505 0.0625 0.05009276437847866
5 0.34375 0.6205936920222634 0.1225 0.09461966604823747
1 0.225625 0.055658627087198514 0.14875 0.055658627087198514
0 0.74625 0.23747680890538034 0.5075 0.4601113172541744
0 0.750625 0.7179962894248608 0.49875 0.5640074211502782
0 0.25125 0.23283858998144713 0.5025 0.46567717996289426
0 0.2525 0.7319109461966605 0.505 0.536178107606679
