1 0.419375 0.23666666666666666 0.10875 0.07
1 0.271875 0.21083333333333334 0.07125 0.058333333333333334
1 0.600625 0.3458333333333333 0.12125 0.04833333333333333
1 0.765 0.335 0.0825 0.043333333333333335
3 0.55875 0.215 0.0275 0.03333333333333333
3 0.70875 0.2175 0.0275 0.028333333333333332
3 0.834375 0.21166666666666667 0.02625 0.02666666666666667
1 0.8875 0.32083333333333336 0.06 0.03166666666666667
4 0.600625 0.22416666666666665 0.13625 0.145
4 0.74 0.22083333333333333 0.105 0.13833333333333334
4 0.866875 0.21916666666666668 0.10625 0.135
1 0.58 0.1 0.0825 0.04
1 0.616875 0.49 0.09875 0.04
1 0.695 0.6841666666666667 0.115 0.045
8 0.224375 0.685 0.26375 0.24
1 0.375625 0.8183333333333334 0.24125 0.06333333333333334
1 0.375625 0.8683333333333333 0.25125 0.04666666666666667
1 0.341875 0.9191666666666667 0.18875 0.041666666666666664
1 0.11125 0.4775 0.09 0.035
1 0.133125 0.20916666666666667 0.08625 0.065
1 0.114375 0.32166666666666666 0.09625 0.03666666666666667
1 0.283125 0.32083333333333336 0.08125 0.035
1 0.444375 0.335 0.12375 0.03333333333333333
1 0.156875 0.0725 0.13875 0.03833333333333333
5 0.41875 0.23416666666666666 0.13 0.13833333333333334
5 0.27875 0.22083333333333333 0.1225 0.14166666666666666
5 0.1425 0.21583333333333332 0.1325 0.16166666666666665
0 0.731875 0.26 0.46875 0.39666666666666667
0 0.2825 0.25 0.475 0.4266666666666667
0 0.278125 0.7041666666666667 0.50125 0.525
0 0.7575 0.6958333333333333 0.485 0.495
