0 0.255625 0.31097560975609756 0.46125 0.23358348968105067
0 0.23875 0.5464352720450282 0.4675 0.2673545966228893
0 0.710625 0.31894934333958724 0.48875 0.25140712945590993
0 0.709375 0.5530018761726079 0.49375 0.2598499061913696
1 0.3675 0.5084427767354597 0.185 0.0375234521575985
1 0.378125 0.5412757973733584 0.16875 0.024390243902439025
1 0.375625 0.573170731707317 0.12125 0.028142589118198873
1 0.6425 0.5281425891181989 0.1 0.02626641651031895
1 0.540625 0.44934333958724204 0.08875 0.03189493433395872
1 0.5425 0.3531894934333959 0.1025 0.040337711069418386
1 0.6925 0.3447467166979362 0.0975 0.038461538461538464
1 0.84375 0.33067542213883677 0.0525 0.02345215759849906
3 0.814375 0.2701688555347092 0.03125 0.024390243902439025
4 0.841875 0.275797373358349 0.10125 0.06191369606003752
3 0.66375 0.2725140712945591 0.0275 0.025328330206378986
4 0.69 0.2776735459662289 0.1 0.0600375234521576
3 0.51625 0.2800187617260788 0.0275 0.021575984990619138
4 0.546875 0.28142589118198874 0.09625 0.06191369606003752
1 0.53875 0.21435272045028142 0.0825 0.027204502814258912
1 0.365 0.28330206378986866 0.0725 0.039399624765478425
5 0.36625 0.28424015009380865 0.0925 0.0600375234521576
1 0.23125 0.275328330206379 0.0775 0.017823639774859287
5 0.22875 0.2800187617260788 0.09 0.05722326454033771
1 0.10375 0.2804878048780488 0.0825 0.03377110694183865
5 0.103125 0.2772045028142589 0.08625 0.06285178236397748
1 0.10375 0.20966228893058161 0.095 0.025328330206378986
1 0.095 0.3630393996247655 0.0725 0.0525328330206379
1 0.22125 0.34615384615384615 0.0725 0.02626641651031895
1 0.37125 0.3452157598499062 0.125 0.02626641651031895
1 0.08625 0.4343339587242026 0.0775 0.02626641651031895
8 0.190625 0.5680112570356473 0.30125 0.18855534709193245
