4 0.5975 0.2625 0.085 0.09833333333333333
4 0.73875 0.2525 0.0875 0.09833333333333333
4 0.86625 0.2475 0.09 0.095
5 0.425625 0.25333333333333335 0.10375 0.12
5 0.2875 0.25 0.095 0.11666666666666667
5 0.14375 0.25 0.115 0.13
0 0.2925 0.2708333333333333 0.49 0.465
0 0.736875 0.25416666666666665 0.45125 0.435
0 0.294375 0.7333333333333333 0.51375 0.5333333333333333
0 0.766875 0.7158333333333333 0.46625 0.5316666666666666
1 0.7375 0.24 0.0725 0.023333333333333334
2 0.73875 0.26666666666666666 0.0275 0.03
1 0.595 0.24 0.045 0.02
2 0.59 0.27416666666666667 0.0375 0.041666666666666664
1 0.86 0.235 0.0375 0.02
2 0.865625 0.26166666666666666 0.02875 0.03333333333333333
1 0.86875 0.31583333333333335 0.0375 0.021666666666666667
1 0.743125 0.33666666666666667 0.05875 0.03333333333333333
1 0.60375 0.3358333333333333 0.075 0.025
1 0.555 0.07666666666666666 0.0425 0.023333333333333334
1 0.429375 0.23 0.08875 0.023333333333333334
3 0.41875 0.2633333333333333 0.02 0.02666666666666667
1 0.2925 0.22166666666666668 0.0725 0.023333333333333334
3 0.2825 0.2633333333333333 0.0225 0.02666666666666667
1 0.14375 0.22583333333333333 0.085 0.025
3 0.141875 0.27 0.03125 0.03666666666666667
1 0.12625 0.08916666666666667 0.1175 0.041666666666666664
1 0.145 0.375 0.065 0.04
1 0.28375 0.3491666666666667 0.045 0.021666666666666667
1 0.43125 0.3408333333333333 0.075 0.021666666666666667
1 0.595625 0.5 0.05625 0.03
1 0.66375 0.6666666666666666 0.07 0.03333333333333333
1 0.44125 0.6 0.1825 0.04666666666666667
1 0.453125 0.6608333333333334 0.16875 0.041666666666666664
1 0.4675 0.7166666666666667 0.0775 0.03333333333333333
1 0.119375 0.5341666666666667 0.06125 0.025
7 0.191875 0.7583333333333333 0.19625 0.23666666666666666
