1 0.175 0.025555555555555557 0.085 0.042222222222222223
1 0.566875 0.03333333333333333 0.06375 0.04888888888888889
1 0.158125 0.39444444444444443 0.05125 0.05555555555555555
1 0.300625 0.39444444444444443 0.06125 0.05555555555555555
1 0.436875 0.39666666666666667 0.08875 0.042222222222222223
1 0.415 0.6188888888888889 0.1425 0.09555555555555556
1 0.165625 0.5111111111111111 0.10875 0.07555555555555556
1 0.648125 0.7533333333333333 0.08375 0.07555555555555556
1 0.5775 0.5377777777777778 0.0825 0.04888888888888889
7 0.255625 0.72 0.19875 0.3333333333333333
5 0.43875 0.25222222222222224 0.1125 0.19777777777777777
5 0.31 0.25 0.1175 0.19777777777777777
5 0.17 0.2511111111111111 0.1125 0.2
1 0.81625 0.39666666666666667 0.1325 0.07333333333333333
1 0.81125 0.22666666666666666 0.1325 0.07111111111111111
1 0.78875 0.08888888888888889 0.1075 0.057777777777777775
1 0.676875 0.39555555555555555 0.04625 0.04
1 0.693125 0.24222222222222223 0.07875 0.04888888888888889
1 0.67875 0.10555555555555556 0.055 0.051111111111111114
3 0.6425 0.1 0.015 0.035555555555555556
3 0.644375 0.2411111111111111 0.01375 0.028888888888888888
3 0.644375 0.4 0.01375 0.04
4 0.684375 0.3988888888888889 0.10375 0.11333333333333333
4 0.681875 0.24555555555555555 0.09625 0.11333333333333333
4 0.67625 0.10777777777777778 0.095 0.12666666666666668
0 0.716875 0.7511111111111111 0.43125 0.49777777777777776
0 0.29375 0.7344444444444445 0.4475 0.5311111111111111
0 0.716875 0.27111111111111114 0.43125 0.5422222222222223
0 0.29375 0.25222222222222224 0.4475 0.5044444444444445
1 0.41375 0.6922222222222222 0.14 0.06444444444444444
1 0.40625 0.7622222222222222 0.125 0.07111111111111111
