0 0.7625 0.7402135231316725 0.475 0.505338078291815
0 0.265 0.650355871886121 0.525 0.699288256227758
0 0.75875 0.2402135231316726 0.4825 0.47330960854092524
0 0.26 0.23487544483985764 0.52 0.4697508896797153
1 0.114375 0.07562277580071175 0.08125 0.04448398576512456
1 0.08 0.3932384341637011 0.0625 0.05338078291814947
1 0.265 0.37722419928825623 0.0725 0.046263345195729534
1 0.5675 0.059608540925266906 0.0575 0.05516014234875445
1 0.6 0.3585409252669039 0.105 0.05871886120996441
1 0.760625 0.3389679715302491 0.09375 0.06227758007117438
1 0.904375 0.3069395017793594 0.05625 0.04448398576512456
1 0.59625 0.5186832740213523 0.075 0.04448398576512456
1 0.71125 0.702846975088968 0.07 0.05693950177935943
1 0.39125 0.6370106761565836 0.2325 0.22419928825622776
1 0.07125 0.5320284697508897 0.0725 0.042704626334519574
1 0.4175 0.3665480427046263 0.105 0.042704626334519574
1 0.10875 0.22241992882562278 0.09 0.042704626334519574
1 0.274375 0.20284697508896798 0.09375 0.046263345195729534
1 0.42875 0.21263345195729538 0.12 0.051601423487544484
5 0.109375 0.24288256227758007 0.12375 0.17615658362989323
5 0.273125 0.22953736654804271 0.13125 0.19572953736654805
5 0.4325 0.21708185053380782 0.135 0.20284697508896798
4 0.599375 0.22686832740213522 0.10625 0.14056939501779359
3 0.56625 0.22953736654804271 0.025 0.042704626334519574
3 0.72875 0.20195729537366547 0.0225 0.04092526690391459
4 0.7675 0.20818505338078291 0.1125 0.1387900355871886
3 0.729375 0.20462633451957296 0.02375 0.03558718861209965
3 0.88625 0.18327402135231316 0.025 0.03914590747330961
4 0.918125 0.1895017793594306 0.09875 0.13345195729537365
8 0.158125 0.7731316725978647 0.19875 0.26512455516014233
