1 0.505625 0.2922222222222222 0.07375 0.03777777777777778
1 0.649375 0.2688888888888889 0.05625 0.05333333333333334
1 0.76 0.24333333333333335 0.04 0.03333333333333333
3 0.49125 0.13333333333333333 0.0175 0.03111111111111111
3 0.615625 0.11777777777777777 0.02125 0.03111111111111111
3 0.746875 0.10333333333333333 0.02625 0.03777777777777778
4 0.77375 0.11777777777777777 0.0925 0.16444444444444445
4 0.6425 0.13777777777777778 0.0875 0.16
4 0.514375 0.15888888888888889 0.08375 0.1622222222222222
1 0.490625 0.03888888888888889 0.05125 0.03777777777777778
1 0.508125 0.5077777777777778 0.06125 0.03333333333333333
1 0.594375 0.69 0.08625 0.04666666666666667
1 0.375 0.6788888888888889 0.1125 0.051111111111111114
1 0.359375 0.5966666666666667 0.15125 0.04666666666666667
1 0.35 0.5311111111111111 0.1625 0.05333333333333334
1 0.10875 0.5155555555555555 0.0575 0.044444444444444446
8 0.22125 0.7344444444444445 0.25 0.2733333333333333
1 0.09125 0.3055555555555556 0.0475 0.042222222222222223
1 0.228125 0.2866666666666667 0.04125 0.035555555555555556
1 0.36 0.27111111111111114 0.065 0.044444444444444446
1 0.3675 0.13 0.0925 0.03333333333333333
1 0.245 0.14 0.075 0.035555555555555556
1 0.12625 0.13111111111111112 0.0675 0.03111111111111111
5 0.368125 0.15333333333333332 0.11125 0.14222222222222222
5 0.243125 0.16333333333333333 0.10375 0.15333333333333332
5 0.12125 0.16666666666666666 0.095 0.14666666666666667
1 0.10375 0.05555555555555555 0.0625 0.03111111111111111
0 0.66125 0.2288888888888889 0.455 0.4577777777777778
0 0.668125 0.7166666666666667 0.44125 0.5666666666666667
0 0.249375 0.7177777777777777 0.42375 0.5644444444444444
0 0.244375 0.23444444444444446 0.41375 0.46444444444444444
