1 0.1325 0.056666666666666664 0.095 0.056666666666666664
5 0.169375 0.17166666666666666 0.11375 0.13
5 0.379375 0.19666666666666666 0.13875 0.18666666666666668
5 0.2625 0.33166666666666667 0.1025 0.13333333333333333
1 0.556875 0.05416666666666667 0.06625 0.051666666666666666
1 0.1475 0.4866666666666667 0.105 0.05
6 0.16875 0.6808333333333333 0.165 0.21166666666666667
1 0.4 0.6241666666666666 0.2175 0.045
1 0.399375 0.685 0.22125 0.043333333333333335
1 0.38125 0.7575 0.1825 0.04833333333333333
1 0.571875 0.4841666666666667 0.07875 0.055
0 0.285625 0.22833333333333333 0.46875 0.45666666666666667
1 0.591875 0.2075 0.07875 0.04833333333333333
1 0.739375 0.2 0.11125 0.05
1 0.870625 0.1925 0.06375 0.045
0 0.739375 0.23583333333333334 0.47375 0.4583333333333333
1 0.64875 0.6825 0.095 0.115
0 0.28625 0.7091666666666666 0.4875 0.5383333333333333
0 0.74625 0.7091666666666666 0.4675 0.5383333333333333
1 0.169375 0.15083333333333335 0.07875 0.03166666666666667
1 0.38125 0.18 0.115 0.04
1 0.263125 0.31416666666666665 0.07375 0.041666666666666664
2 0.368125 0.2275 0.04375 0.03833333333333333
2 0.161875 0.19583333333333333 0.04125 0.03166666666666667
4 0.594375 0.20333333333333334 0.10625 0.15
4 0.738125 0.2 0.12625 0.14666666666666667
4 0.8875 0.2 0.1125 0.15666666666666668
