1 0.141875 0.050522648083623695 0.08625 0.04529616724738676
1 0.134375 0.19599303135888502 0.09375 0.02613240418118467
1 0.285 0.1837979094076655 0.1025 0.036585365853658534
1 0.424375 0.19337979094076654 0.11375 0.03832752613240418
1 0.596875 0.2465156794425087 0.06375 0.047038327526132406
1 0.756875 0.24825783972125434 0.10125 0.033101045296167246
1 0.875 0.24303135888501742 0.0525 0.04006968641114982
1 0.570625 0.04965156794425087 0.05875 0.036585365853658534
1 0.588125 0.3797909407665505 0.08625 0.04878048780487805
1 0.730625 0.3780487804878049 0.08125 0.04878048780487805
1 0.870625 0.3702090592334495 0.04875 0.036585365853658534
1 0.138125 0.5522648083623694 0.07875 0.04529616724738676
1 0.426875 0.6054006968641115 0.15375 0.050522648083623695
1 0.44375 0.6585365853658537 0.16 0.04529616724738676
1 0.436875 0.7029616724738676 0.12125 0.033101045296167246
1 0.703125 0.7064459930313589 0.07625 0.033101045296167246
1 0.588125 0.5496515679442509 0.06625 0.047038327526132406
2 0.274375 0.23170731707317074 0.04625 0.04529616724738676
2 0.131875 0.23693379790940766 0.04375 0.04878048780487805
2 0.415 0.24041811846689895 0.04 0.03484320557491289
3 0.550625 0.24390243902439024 0.01875 0.041811846689895474
3 0.695625 0.24477351916376305 0.01875 0.036585365853658534
3 0.835625 0.24128919860627177 0.02375 0.036585365853658534
4 0.604375 0.24912891986062718 0.13625 0.1986062717770035
4 0.748125 0.25174216027874563 0.13375 0.19686411149825783
4 0.886875 0.25435540069686413 0.13625 0.1951219512195122
5 0.143125 0.2308362369337979 0.13875 0.19337979094076654
5 0.285 0.22560975609756098 0.135 0.19337979094076654
5 0.42375 0.22909407665505227 0.14 0.18989547038327526
1 0.42875 0.3475609756097561 0.09 0.029616724738675958
1 0.279375 0.3423344947735192 0.05375 0.029616724738675958
1 0.14125 0.34930313588850176 0.06 0.036585365853658534
8 0.2525 0.7343205574912892 0.2075 0.24912891986062718
0 0.763125 0.7395470383275261 0.47375 0.5174216027874564
0 0.265 0.7386759581881533 0.525 0.519163763066202
0 0.26 0.24128919860627177 0.52 0.47560975609756095
0 0.756875 0.24390243902439024 0.48625 0.4878048780487805
