2 0.60625 0.27933450087565675 0.0425 0.043782837127845885
2 0.769375 0.29071803852889666 0.04875 0.04553415061295972
1 0.606875 0.22854640980735552 0.06125 0.02626970227670753
1 0.78 0.24080560420315236 0.1 0.0297723292469352
1 0.60375 0.4098073555166375 0.095 0.028021015761821366
1 0.77375 0.4089316987740806 0.0675 0.047285464098073555
1 0.576875 0.5332749562171629 0.06625 0.03677758318739054
1 0.6875 0.7276707530647986 0.07 0.03327495621716287
1 0.4125 0.7066549912434326 0.2 0.2469352014010508
1 0.4225 0.4028021015761821 0.0875 0.03152364273204904
1 0.07 0.5516637478108581 0.0775 0.04553415061295972
7 0.199375 0.7705779334500875 0.25625 0.2626970227670753
1 0.245625 0.404553415061296 0.05625 0.03852889667250438
1 0.088125 0.38353765323992994 0.05625 0.04203152364273205
1 0.415625 0.2504378283712785 0.10875 0.04553415061295972
3 0.40875 0.3126094570928196 0.02 0.043782837127845885
3 0.256875 0.30297723292469353 0.02625 0.05253940455341506
3 0.0975 0.28108581436077057 0.0275 0.050788091068301226
1 0.104375 0.21541155866900175 0.09625 0.03152364273204904
1 0.263125 0.22942206654991243 0.10375 0.03152364273204904
5 0.419375 0.27583187390542907 0.13625 0.19089316987740806
5 0.26375 0.2635726795096322 0.1275 0.1978984238178634
5 0.104375 0.2548161120840631 0.12625 0.18739054290718038
1 0.916875 0.3975481611208406 0.03375 0.024518388791593695
1 0.918125 0.2434325744308231 0.04375 0.028021015761821366
2 0.926875 0.28896672504378285 0.04375 0.04903677758318739
4 0.929375 0.2714535901926445 0.10375 0.17513134851138354
4 0.779375 0.2635726795096322 0.11375 0.16987740805604204
4 0.611875 0.26444833625218916 0.11875 0.17162872154115585
1 0.565 0.06830122591943957 0.0475 0.03852889667250438
1 0.09875 0.03415061295971979 0.0975 0.03677758318739054
0 0.2675 0.7416812609457093 0.5325 0.5166374781085814
0 0.761875 0.7180385288966725 0.47125 0.521891418563923
0 0.755 0.2373029772329247 0.4775 0.46760070052539404
0 0.26375 0.24430823117338005 0.5275 0.4886164623467601
