1 0.555 0.052222222222222225 0.0525 0.06888888888888889
1 0.57375 0.3511111111111111 0.0775 0.08444444444444445
1 0.70375 0.36444444444444446 0.0675 0.08444444444444445
1 0.8225 0.3522222222222222 0.04 0.05555555555555555
1 0.55625 0.6122222222222222 0.0575 0.06888888888888889
1 0.415625 0.39555555555555555 0.07875 0.07111111111111111
1 0.274375 0.39111111111111113 0.05625 0.06222222222222222
1 0.130625 0.38555555555555554 0.06625 0.1
1 0.4175 0.2511111111111111 0.0725 0.12
1 0.28 0.2288888888888889 0.0525 0.10666666666666667
1 0.129375 0.20666666666666667 0.04625 0.10222222222222223
1 0.116875 0.043333333333333335 0.06875 0.06888888888888889
1 0.1025 0.6355555555555555 0.0775 0.08444444444444445
1 0.621875 0.7577777777777778 0.07375 0.057777777777777775
1 0.34875 0.6388888888888888 0.1675 0.07333333333333333
1 0.356875 0.7088888888888889 0.13625 0.07111111111111111
1 0.38 0.7866666666666666 0.105 0.07111111111111111
3 0.555 0.23777777777777778 0.0275 0.05333333333333334
3 0.681875 0.24222222222222223 0.02125 0.04
3 0.806875 0.24333333333333335 0.01875 0.04666666666666667
4 0.57875 0.2411111111111111 0.0925 0.15777777777777777
4 0.714375 0.24666666666666667 0.10625 0.16444444444444445
4 0.8375 0.2577777777777778 0.0975 0.15555555555555556
5 0.425625 0.2544444444444444 0.12125 0.20666666666666667
5 0.28875 0.24555555555555555 0.1275 0.21555555555555556
5 0.145 0.2222222222222222 0.125 0.2088888888888889
8 0.16625 0.8666666666666667 0.215 0.26666666666666666
0 0.73 0.78 0.4275 0.44
0 0.715 0.2922222222222222 0.4025 0.58
0 0.293125 0.3 0.46375 0.6
0 0.284375 0.7844444444444445 0.48375 0.4311111111111111
