0 0.264375 0.25222222222222224 0.48875 0.5044444444444445
0 0.74375 0.2477777777777778 0.4975 0.4866666666666667
0 0.260625 0.7366666666666667 0.49875 0.5266666666666666
0 0.748125 0.7322222222222222 0.48375 0.5088888888888888
1 0.13375 0.05444444444444444 0.0725 0.04666666666666667
5 0.124375 0.23777777777777778 0.09125 0.13333333333333333
1 0.1025 0.35333333333333333 0.05 0.05333333333333334
1 0.26125 0.33555555555555555 0.0575 0.05333333333333334
1 0.42 0.3233333333333333 0.075 0.05555555555555555
5 0.27375 0.23222222222222222 0.0925 0.12666666666666668
5 0.414375 0.22555555555555556 0.08875 0.11777777777777777
1 0.419375 0.3244444444444444 0.07375 0.05333333333333334
1 0.06125 0.5455555555555556 0.0775 0.08222222222222222
1 0.408125 0.5833333333333334 0.15375 0.07333333333333333
1 0.42125 0.6733333333333333 0.1475 0.057777777777777775
1 0.425625 0.7766666666666666 0.11125 0.08222222222222222
7 0.165 0.8144444444444444 0.26 0.3711111111111111
1 0.681875 0.7388888888888889 0.07125 0.07777777777777778
1 0.539375 0.52 0.05125 0.044444444444444446
3 0.644375 0.35 0.01625 0.024444444444444446
1 0.67 0.3611111111111111 0.0325 0.028888888888888888
4 0.675625 0.36333333333333334 0.09125 0.06888888888888889
3 0.63 0.2311111111111111 0.015 0.02666666666666667
1 0.673125 0.2477777777777778 0.06375 0.03333333333333333
4 0.665625 0.24555555555555555 0.09125 0.07333333333333333
3 0.62375 0.12222222222222222 0.0125 0.02666666666666667
1 0.658125 0.1322222222222222 0.03625 0.042222222222222223
4 0.655625 0.13111111111111112 0.08875 0.07555555555555556
1 0.533125 0.04777777777777778 0.03375 0.042222222222222223
1 0.77375 0.1322222222222222 0.06 0.06
1 0.79375 0.24222222222222223 0.0925 0.04888888888888889
1 0.794375 0.35555555555555557 0.08375 0.05333333333333334
