1 0.144375 0.041666666666666664 0.18125 0.08
1 0.559375 0.06166666666666667 0.13375 0.07
1 0.101875 0.19166666666666668 0.11125 0.04666666666666667
1 0.9275 0.21583333333333332 0.09 0.055
1 0.74375 0.21 0.14 0.06666666666666667
1 0.573125 0.21583333333333332 0.11625 0.07166666666666667
1 0.40375 0.2175 0.115 0.10166666666666667
1 0.246875 0.19916666666666666 0.12875 0.06166666666666667
3 0.0925 0.25666666666666665 0.0425 0.056666666666666664
1 0.081875 0.37916666666666665 0.09875 0.08166666666666667
1 0.931875 0.39416666666666667 0.11625 0.065
1 0.745 0.39916666666666667 0.125 0.07833333333333334
1 0.56125 0.39666666666666667 0.1375 0.08333333333333333
1 0.39875 0.385 0.1325 0.07333333333333333
1 0.228125 0.3775 0.11125 0.07166666666666667
1 0.09625 0.5366666666666666 0.15 0.07
1 0.57625 0.5383333333333333 0.1625 0.07333333333333333
1 0.381875 0.6308333333333334 0.16625 0.07166666666666667
1 0.71 0.7691666666666667 0.15 0.09166666666666666
3 0.230625 0.2708333333333333 0.04875 0.051666666666666666
3 0.40375 0.27666666666666667 0.0375 0.05
2 0.556875 0.2758333333333333 0.05875 0.06166666666666667
2 0.730625 0.275 0.05375 0.056666666666666664
2 0.93 0.2733333333333333 0.0675 0.06333333333333334
7 0.16875 0.73 0.235 0.2633333333333333
5 0.098125 0.22083333333333333 0.13875 0.22166666666666668
5 0.244375 0.22583333333333333 0.14375 0.21833333333333332
5 0.40125 0.23333333333333334 0.1325 0.22666666666666666
4 0.57875 0.24083333333333334 0.165 0.19166666666666668
4 0.745 0.24083333333333334 0.155 0.18166666666666667
4 0.925 0.24333333333333335 0.1475 0.17333333333333334
1 0.3825 0.6875 0.135 0.04833333333333333
1 0.396875 0.735 0.07125 0.043333333333333335
1 0.404375 0.8091666666666667 0.11125 0.06833333333333333
0 0.728125 0.73 0.54375 0.5266666666666666
0 0.239375 0.7241666666666666 0.47875 0.5416666666666666
0 0.729375 0.25333333333333335 0.54125 0.5033333333333333
0 0.236875 0.24083333333333334 0.47125 0.4816666666666667
