0 0.755625 0.25 0.48875 0.5
0 0.751875 0.7333333333333333 0.49625 0.5333333333333333
0 0.26375 0.7308333333333333 0.5275 0.5383333333333333
0 0.264375 0.23666666666666666 0.52625 0.47333333333333333
1 0.69875 0.6483333333333333 0.0875 0.03666666666666667
1 0.56375 0.515 0.06 0.02666666666666667
1 0.6 0.315 0.0675 0.03
1 0.775625 0.31166666666666665 0.06125 0.03
1 0.94625 0.31166666666666665 0.0425 0.023333333333333334
1 0.94625 0.23333333333333334 0.04 0.02666666666666667
1 0.80875 0.235 0.0825 0.03333333333333333
1 0.641875 0.2225 0.05125 0.025
1 0.579375 0.0875 0.04375 0.025
1 0.423125 0.3175 0.08125 0.03166666666666667
1 0.424375 0.16166666666666665 0.11375 0.023333333333333334
1 0.2675 0.16 0.08 0.02666666666666667
1 0.13125 0.1575 0.0775 0.028333333333333332
1 0.104375 0.051666666666666666 0.06625 0.03
1 0.10875 0.5116666666666667 0.06 0.03
1 0.36125 0.5808333333333333 0.185 0.041666666666666664
1 0.36125 0.6475 0.1975 0.041666666666666664
1 0.348125 0.72 0.15625 0.04
8 0.16 0.7033333333333334 0.185 0.25
1 0.25375 0.3225 0.0475 0.03166666666666667
1 0.099375 0.33 0.05125 0.03666666666666667
2 0.25375 0.22 0.0425 0.04
2 0.41625 0.21666666666666667 0.04 0.03
2 0.116875 0.21916666666666668 0.04375 0.041666666666666664
3 0.914375 0.23416666666666666 0.01875 0.025
3 0.751875 0.22916666666666666 0.02375 0.025
3 0.58625 0.2175 0.0175 0.021666666666666667
4 0.621875 0.225 0.10625 0.09
4 0.793125 0.2275 0.13875 0.08833333333333333
4 0.9425 0.23166666666666666 0.0925 0.08
