1 0.206875 0.049166666666666664 0.16375 0.04833333333333333
1 0.631875 0.041666666666666664 0.20375 0.05
1 0.599375 0.19083333333333333 0.07625 0.04833333333333333
1 0.824375 0.14916666666666667 0.17875 0.04833333333333333
1 0.83 0.225 0.2 0.03666666666666667
1 0.818125 0.31 0.17375 0.03666666666666667
1 0.60375 0.32166666666666666 0.175 0.03333333333333333
3 0.599375 0.13416666666666666 0.03375 0.045
5 0.604375 0.1875 0.12375 0.185
1 0.0875 0.2825 0.055 0.03833333333333333
1 0.233125 0.2791666666666667 0.07375 0.04833333333333333
1 0.376875 0.4041666666666667 0.06375 0.035
1 0.396875 0.17166666666666666 0.09125 0.03333333333333333
3 0.095 0.23333333333333334 0.05 0.06333333333333334
3 0.381875 0.11916666666666667 0.06375 0.065
3 0.233125 0.22166666666666668 0.05375 0.056666666666666664
3 0.38 0.3491666666666667 0.0575 0.075
1 0.7125 0.5 0.1875 0.06
1 0.68875 0.5975 0.085 0.03833333333333333
2 0.7025 0.7758333333333334 0.165 0.15166666666666667
1 0.221875 0.5041666666666667 0.10375 0.055
1 0.321875 0.6 0.08125 0.04
1 0.13625 0.6091666666666666 0.085 0.041666666666666664
1 0.2175 0.7108333333333333 0.085 0.06166666666666667
3 0.37 0.8258333333333333 0.045 0.058333333333333334
3 0.233125 0.8241666666666667 0.03375 0.051666666666666666
3 0.068125 0.8291666666666667 0.04875 0.058333333333333334
0 0.7275 0.23666666666666666 0.505 0.4533333333333333
0 0.26375 0.24083333333333334 0.4675 0.4583333333333333
0 0.25625 0.7183333333333334 0.4625 0.5466666666666666
0 0.7275 0.72 0.5075 0.5433333333333333
