0 0.2725 0.25292153589315525 0.425 0.3989983305509182
0 0.690625 0.25459098497495825 0.44375 0.3989983305509182
0 0.696875 0.671118530884808 0.43125 0.4607679465776294
0 0.275625 0.671118530884808 0.42625 0.46410684474123537
5 0.1325 0.23205342237061768 0.1 0.13689482470784642
5 0.275625 0.2262103505843072 0.10375 0.12520868113522537
5 0.41125 0.2303839732888147 0.0925 0.12687813021702837
1 0.415625 0.31636060100166946 0.07875 0.028380634390651086
1 0.28 0.31552587646076796 0.0475 0.02671118530884808
1 0.1325 0.332220367278798 0.05 0.0333889816360601
1 0.12125 0.08681135225375626 0.085 0.03005008347245409
1 0.119375 0.48998330550918195 0.05625 0.028380634390651086
7 0.1975 0.6160267111853088 0.1975 0.18697829716193656
1 0.3725 0.5250417362270451 0.1475 0.038397328881469114
1 0.395 0.5784641068447413 0.1375 0.025041736227045076
1 0.39625 0.6393989983305509 0.0675 0.04006677796327212
1 0.585 0.6085141903171953 0.0525 0.038397328881469114
1 0.540625 0.4791318864774624 0.05375 0.02671118530884808
3 0.56875 0.38480801335559267 0.0275 0.035058430717863104
1 0.604375 0.38480801335559267 0.03875 0.021702838063439065
3 0.56375 0.27462437395659434 0.0275 0.03171953255425709
1 0.60875 0.27378964941569284 0.0625 0.02337228714524207
3 0.560625 0.15275459098497496 0.02375 0.035058430717863104
1 0.60125 0.15525876460767946 0.05 0.02671118530884808
1 0.518125 0.08263772954924875 0.04625 0.03171953255425709
4 0.59 0.15275459098497496 0.1 0.08848080133555926
4 0.595625 0.27629382303839733 0.10375 0.09849749582637729
4 0.600625 0.38814691151919867 0.10625 0.09515859766277128
1 0.695625 0.15609348914858096 0.06875 0.038397328881469114
1 0.711875 0.2637729549248748 0.10875 0.02671118530884808
1 0.706875 0.3781302170283806 0.08375 0.03171953255425709
