1 0.20875 0.12195121951219512 0.1675 0.0525328330206379
1 0.625 0.13555347091932457 0.1225 0.04221388367729831
1 0.214375 0.4901500938086304 0.12125 0.036585365853658534
1 0.606875 0.4873358348968105 0.13125 0.036585365853658534
6 0.26 0.623358348968105 0.2 0.14915572232645402
5 0.383125 0.23358348968105067 0.12875 0.09568480300187618
5 0.159375 0.22842401500938087 0.12625 0.09662288930581614
5 0.2675 0.33583489681050654 0.1425 0.10694183864915573
2 0.153125 0.25 0.04125 0.027204502814258912
2 0.378125 0.25656660412757976 0.03375 0.025328330206378986
2 0.26125 0.36679174484052535 0.0325 0.01876172607879925
1 0.1625 0.2176360225140713 0.09 0.043151969981238276
1 0.38 0.22654784240150094 0.1125 0.04409005628517824
1 0.258125 0.3353658536585366 0.07625 0.04221388367729831
1 0.583125 0.25656660412757976 0.06625 0.03095684803001876
1 0.749375 0.25 0.10375 0.025328330206378986
1 0.92625 0.25 0.0775 0.027204502814258912
4 0.58625 0.2523452157598499 0.1025 0.08067542213883677
4 0.7475 0.25093808630394 0.1175 0.08161350844277673
4 0.92125 0.24906191369606004 0.13 0.08911819887429644
1 0.446875 0.5675422138836773 0.15625 0.0600375234521576
1 0.450625 0.6200750469043153 0.16625 0.058161350844277676
1 0.441875 0.6683864915572233 0.16875 0.03470919324577861
1 0.7025 0.6167917448405253 0.1225 0.06660412757973734
0 0.296875 0.2696998123827392 0.46875 0.3705440900562852
0 0.7525 0.2678236397748593 0.49 0.3630393996247655
0 0.31875 0.600375234521576 0.495 0.32645403377110693
0 0.75375 0.5984990619136961 0.475 0.3302063789868668
