1 0.83375 0.47444444444444445 0.0325 0.06444444444444444
1 0.5525 0.15555555555555556 0.065 0.07555555555555556
1 0.67625 0.7222222222222222 0.1125 0.08
1 0.41375 0.6288888888888889 0.1625 0.06666666666666667
1 0.410625 0.8288888888888889 0.10375 0.14666666666666667
1 0.143125 0.15 0.11375 0.09111111111111111
1 0.1375 0.5766666666666667 0.11 0.07777777777777778
1 0.4075 0.4266666666666667 0.105 0.07111111111111111
1 0.276875 0.43 0.06875 0.07333333333333333
1 0.12625 0.46444444444444444 0.085 0.08888888888888889
1 0.715 0.4922222222222222 0.085 0.09111111111111111
1 0.55625 0.4988888888888889 0.105 0.07333333333333333
1 0.55125 0.5866666666666667 0.065 0.06222222222222222
1 0.8375 0.3022222222222222 0.0625 0.07555555555555556
1 0.7125 0.2866666666666667 0.1 0.04888888888888889
1 0.56125 0.2922222222222222 0.06 0.09555555555555556
1 0.158125 0.25555555555555554 0.11625 0.06666666666666667
1 0.30375 0.24555555555555555 0.095 0.06444444444444444
1 0.4225 0.25666666666666665 0.1075 0.06
2 0.835625 0.38222222222222224 0.05125 0.07555555555555556
2 0.70875 0.36333333333333334 0.0475 0.09111111111111111
2 0.5675 0.37777777777777777 0.0525 0.08444444444444445
4 0.568125 0.3377777777777778 0.12625 0.2222222222222222
4 0.706875 0.3333333333333333 0.12875 0.22666666666666666
4 0.84 0.3433333333333333 0.0975 0.20666666666666667
3 0.409375 0.3333333333333333 0.04625 0.06222222222222222
3 0.29625 0.3433333333333333 0.045 0.07777777777777778
3 0.15 0.35777777777777775 0.05 0.07555555555555556
5 0.2925 0.28888888888888886 0.1275 0.2088888888888889
5 0.421875 0.29 0.12375 0.19333333333333333
5 0.151875 0.30333333333333334 0.19125 0.20666666666666667
7 0.196875 0.7844444444444445 0.21125 0.28888888888888886
0 0.734375 0.7455555555555555 0.47875 0.42444444444444446
0 0.704375 0.32222222222222224 0.43625 0.4577777777777778
0 0.271875 0.3188888888888889 0.45875 0.45555555555555555
0 0.26125 0.7566666666666667 0.5225 0.4866666666666667
1 0.40125 0.6977777777777778 0.165 0.08
