0 0.344375 0.68 0.39875 0.42333333333333334
0 0.7075 0.6783333333333333 0.345 0.4266666666666667
0 0.34375 0.2875 0.39 0.4083333333333333
0 0.698125 0.2783333333333333 0.35375 0.4066666666666667
1 0.588125 0.5308333333333334 0.06625 0.041666666666666664
1 0.62875 0.6341666666666667 0.08 0.03166666666666667
1 0.42625 0.5691666666666667 0.19 0.06166666666666667
1 0.4375 0.6291666666666667 0.16 0.035
1 0.441875 0.6866666666666666 0.11375 0.04
1 0.225625 0.5333333333333333 0.07875 0.043333333333333335
8 0.251875 0.6683333333333333 0.12875 0.15333333333333332
1 0.60125 0.4091666666666667 0.095 0.055
1 0.724375 0.4175 0.07625 0.06166666666666667
1 0.82 0.41 0.0675 0.043333333333333335
3 0.818125 0.28583333333333333 0.03125 0.03166666666666667
3 0.70375 0.2791666666666667 0.0275 0.035
3 0.575625 0.2683333333333333 0.02875 0.03666666666666667
4 0.604375 0.2891666666666667 0.10625 0.135
4 0.723125 0.2866666666666667 0.07625 0.13333333333333333
4 0.825625 0.28583333333333333 0.06875 0.12166666666666667
1 0.596875 0.1425 0.05875 0.03833333333333333
1 0.470625 0.2775 0.08125 0.041666666666666664
1 0.458125 0.4083333333333333 0.08375 0.03666666666666667
1 0.330625 0.39666666666666667 0.05875 0.04
1 0.2225 0.39916666666666667 0.065 0.06166666666666667
1 0.224375 0.2608333333333333 0.07875 0.045
1 0.35 0.25666666666666665 0.0825 0.03
1 0.248125 0.135 0.07125 0.03333333333333333
5 0.23375 0.27416666666666667 0.115 0.15833333333333333
5 0.354375 0.2758333333333333 0.11375 0.15166666666666667
5 0.471875 0.2866666666666667 0.10625 0.15333333333333332
