3 0.0925 0.27346570397111913 0.0425 0.0776173285198556
3 0.23 0.25902527075812276 0.045 0.06678700361010831
3 0.3675 0.15613718411552346 0.0475 0.0740072202166065
3 0.386875 0.31498194945848373 0.03625 0.06678700361010831
3 0.101875 0.8140794223826715 0.02875 0.036101083032490974
3 0.270625 0.825812274368231 0.02625 0.04151624548736462
3 0.398125 0.8158844765342961 0.02625 0.04332129963898917
1 0.689375 0.526173285198556 0.20375 0.0812274368231047
1 0.238125 0.5189530685920578 0.09875 0.05956678700361011
1 0.21625 0.07220216606498195 0.205 0.07220216606498195
1 0.41 0.22653429602888087 0.0975 0.030685920577617327
1 0.39625 0.38176895306859204 0.0675 0.03790613718411552
1 0.2175 0.33664259927797835 0.0825 0.03429602888086643
1 0.085 0.34296028880866425 0.0725 0.04693140794223827
1 0.64 0.07310469314079422 0.1825 0.0631768953068592
1 0.614375 0.41064981949458484 0.15375 0.02707581227436823
1 0.8175 0.16787003610108303 0.16 0.05776173285198556
1 0.833125 0.2463898916967509 0.19125 0.03790613718411552
1 0.82375 0.34747292418772563 0.1775 0.03429602888086643
3 0.603125 0.19223826714801445 0.02875 0.04151624548736462
1 0.605625 0.2463898916967509 0.08125 0.048736462093862815
5 0.60375 0.259927797833935 0.15 0.23826714801444043
1 0.115 0.6254512635379061 0.0725 0.048736462093862815
1 0.36625 0.6236462093862816 0.08 0.03790613718411552
1 0.239375 0.7247292418772563 0.06875 0.030685920577617327
5 0.106875 0.621841155234657 0.11125 0.09205776173285199
5 0.23625 0.7220216606498195 0.1075 0.06859205776173286
5 0.363125 0.6245487364620939 0.13125 0.10469314079422383
1 0.698125 0.6507220216606499 0.08125 0.04512635379061372
2 0.7275 0.7427797833935018 0.185 0.13537906137184116
0 0.73125 0.7364620938628159 0.3 0.26353790613718414
0 0.2625 0.23916967509025272 0.525 0.47833935018050544
0 0.748125 0.24548736462093862 0.48625 0.44765342960288806
0 0.266875 0.7184115523465704 0.53375 0.5487364620938628
0 0.75625 0.7229241877256317 0.4825 0.5541516245487365
