1 0.085 0.02901023890784983 0.115 0.04778156996587031
1 0.13375 0.12030716723549488 0.12 0.052901023890784986
1 0.27625 0.1220136518771331 0.1025 0.04948805460750853
1 0.420625 0.1680887372013652 0.14625 0.13822525597269625
1 0.1125 0.31143344709897613 0.0825 0.052901023890784986
1 0.25375 0.3165529010238908 0.0925 0.05631399317406143
1 0.43 0.3199658703071672 0.15 0.07337883959044368
1 0.106875 0.5307167235494881 0.12125 0.07508532423208192
1 0.39375 0.6143344709897611 0.2175 0.07167235494880546
1 0.6225 0.5699658703071673 0.1025 0.07849829351535836
1 0.791875 0.7448805460750854 0.16875 0.06996587030716724
1 0.598125 0.060580204778156996 0.09875 0.04948805460750853
1 0.624375 0.3848122866894198 0.10875 0.10068259385665529
1 0.77625 0.386518771331058 0.105 0.10409556313993173
1 0.909375 0.3848122866894198 0.08875 0.08703071672354949
5 0.131875 0.1561433447098976 0.15625 0.1962457337883959
5 0.2725 0.1612627986348123 0.125 0.20648464163822525
5 0.42375 0.1697952218430034 0.17 0.20648464163822525
3 0.61625 0.19283276450511946 0.05 0.06825938566552901
3 0.74375 0.19368600682593856 0.045 0.059726962457337884
3 0.87625 0.19795221843003413 0.0425 0.06143344709897611
4 0.618125 0.2090443686006826 0.09875 0.19283276450511946
4 0.74875 0.20392491467576793 0.0875 0.18600682593856654
4 0.885 0.20819112627986347 0.0875 0.18088737201365188
8 0.155 0.7704778156996587 0.2675 0.3054607508532423
0 0.281875 0.23890784982935154 0.56375 0.4709897610921502
0 0.7525 0.25597269624573377 0.495 0.49829351535836175
0 0.278125 0.7252559726962458 0.55625 0.5494880546075085
0 0.758125 0.7329351535836177 0.48375 0.5341296928327645
1 0.41 0.6902730375426621 0.2175 0.052901023890784986
1 0.429375 0.7824232081911263 0.16125 0.08020477815699659
