1 0.676875 0.060240963855421686 0.21625 0.0757314974182444
3 0.620625 0.1703958691910499 0.03875 0.058519793459552494
1 0.615 0.26161790017211706 0.0725 0.04819277108433735
5 0.62125 0.22805507745266781 0.155 0.21858864027538727
1 0.628125 0.3769363166953528 0.13625 0.055077452667814115
1 0.848125 0.13769363166953527 0.14125 0.05163511187607573
1 0.865 0.2289156626506024 0.175 0.05163511187607573
1 0.85375 0.3493975903614458 0.15 0.058519793459552494
1 0.2175 0.0981067125645439 0.195 0.09294320137693632
3 0.304375 0.21084337349397592 0.03625 0.05335628227194492
1 0.31375 0.25301204819277107 0.0675 0.0378657487091222
3 0.088125 0.2917383820998279 0.03875 0.05679862306368331
3 0.17625 0.2857142857142857 0.0425 0.06540447504302926
1 0.084375 0.33907056798623064 0.03625 0.0378657487091222
1 0.18 0.3407917383820998 0.06 0.05163511187607573
3 0.334375 0.33390705679862304 0.03375 0.05163511187607573
1 0.338125 0.3898450946643718 0.06375 0.039586919104991396
1 0.194375 0.6144578313253012 0.08375 0.06540447504302926
1 0.078125 0.7005163511187608 0.06625 0.04819277108433735
5 0.078125 0.7039586919104991 0.10625 0.0963855421686747
1 0.356875 0.7022375215146299 0.06875 0.04819277108433735
5 0.365 0.7048192771084337 0.135 0.10154905335628227
1 0.20625 0.7977624784853701 0.0575 0.04647160068846816
5 0.216875 0.7986230636833046 0.12875 0.08605851979345955
3 0.4025 0.8614457831325302 0.0375 0.05335628227194492
3 0.254375 0.9113597246127366 0.03375 0.039586919104991396
3 0.073125 0.9010327022375215 0.02875 0.04991394148020654
2 0.710625 0.8012048192771084 0.25875 0.2082616179001721
1 0.690625 0.7030981067125646 0.09875 0.043029259896729774
1 0.68 0.5998278829604131 0.2025 0.07056798623063683
0 0.743125 0.27710843373493976 0.51375 0.5542168674698795
0 0.24375 0.27882960413080893 0.4875 0.5576592082616179
0 0.74375 0.7779690189328744 0.5125 0.4440619621342513
0 0.245 0.7779690189328744 0.49 0.4440619621342513
