1 0.104375 0.0825 0.07375 0.04833333333333333
1 0.338125 0.23083333333333333 0.06375 0.041666666666666664
1 0.315625 0.2991666666666667 0.17375 0.041666666666666664
1 0.175 0.13916666666666666 0.2375 0.07833333333333334
1 0.63 0.1 0.0625 0.043333333333333335
1 0.68375 0.23333333333333334 0.1775 0.18333333333333332
1 0.831875 0.24833333333333332 0.06625 0.03666666666666667
1 0.67125 0.36083333333333334 0.0525 0.03166666666666667
2 0.3225 0.22666666666666666 0.2775 0.26
4 0.85125 0.2975 0.1575 0.16833333333333333
4 0.670625 0.36083333333333334 0.07625 0.055
2 0.8325 0.30666666666666664 0.0475 0.05
0 0.789375 0.235 0.42125 0.47
0 0.315 0.2325 0.59 0.465
1 0.12625 0.49 0.09 0.04666666666666667
3 0.38375 0.5283333333333333 0.04 0.04666666666666667
3 0.33375 0.5533333333333333 0.0325 0.05333333333333334
3 0.285 0.5766666666666667 0.0375 0.043333333333333335
3 0.24 0.595 0.0325 0.04666666666666667
7 0.291875 0.6433333333333333 0.29875 0.26
1 0.660625 0.4891666666666667 0.07625 0.04833333333333333
1 0.825 0.5 0.0725 0.04
1 0.818125 0.5525 0.26875 0.04833333333333333
1 0.70625 0.6608333333333334 0.055 0.03166666666666667
1 0.831875 0.6458333333333334 0.06375 0.03166666666666667
1 0.95375 0.6266666666666667 0.04 0.03333333333333333
1 0.96125 0.7233333333333334 0.045 0.03333333333333333
1 0.843125 0.7583333333333333 0.04625 0.04
1 0.70875 0.7725 0.045 0.041666666666666664
3 0.7025 0.7016666666666667 0.03 0.03333333333333333
3 0.83 0.6941666666666667 0.0275 0.03833333333333333
3 0.955 0.67 0.025 0.03
5 0.708125 0.6833333333333333 0.09125 0.12
5 0.831875 0.6758333333333333 0.09125 0.11833333333333333
5 0.95625 0.6525 0.0875 0.115
4 0.8325 0.5041666666666667 0.1175 0.06833333333333333
0 0.800625 0.6625 0.39875 0.44166666666666665
0 0.330625 0.6916666666666667 0.66125 0.51
