1 0.116875 0.10166666666666667 0.13625 0.056666666666666664
1 0.116875 0.29 0.12625 0.043333333333333335
1 0.275625 0.275 0.10625 0.03666666666666667
1 0.420625 0.29083333333333333 0.14375 0.051666666666666666
1 0.116875 0.45916666666666667 0.07625 0.058333333333333334
1 0.27125 0.43916666666666665 0.0775 0.055
1 0.425 0.4425 0.1225 0.055
3 0.10625 0.36333333333333334 0.0525 0.06666666666666667
3 0.266875 0.3466666666666667 0.04625 0.06333333333333334
3 0.41875 0.35 0.0525 0.07
5 0.11875 0.315 0.1475 0.22
5 0.271875 0.29833333333333334 0.12625 0.19666666666666666
5 0.418125 0.2975 0.15375 0.19833333333333333
0 0.270625 0.26916666666666667 0.47875 0.4683333333333333
1 0.56625 0.1075 0.0775 0.055
1 0.5875 0.255 0.08 0.06666666666666667
1 0.755 0.24833333333333332 0.1425 0.056666666666666664
1 0.90125 0.255 0.0625 0.05
7 0.5775 0.31833333333333336 0.06 0.07
7 0.73875 0.3125 0.0575 0.065
7 0.891875 0.31416666666666665 0.05875 0.06166666666666667
1 0.5775 0.445 0.12 0.06666666666666667
1 0.74125 0.43166666666666664 0.115 0.06
1 0.8975 0.4166666666666667 0.0625 0.04666666666666667
4 0.58375 0.285 0.135 0.18666666666666668
4 0.75 0.2916666666666667 0.1675 0.18
4 0.8975 0.285 0.105 0.17333333333333334
0 0.74375 0.27 0.49 0.4633333333333333
1 0.108125 0.5558333333333333 0.11125 0.055
1 0.37375 0.6641666666666667 0.2225 0.075
1 0.389375 0.7433333333333333 0.22375 0.056666666666666664
1 0.42625 0.8316666666666667 0.0875 0.07
1 0.580625 0.5416666666666666 0.08625 0.05
1 0.72875 0.7266666666666667 0.1075 0.06333333333333334
7 0.160625 0.8016666666666666 0.20875 0.22
0 0.270625 0.73 0.49875 0.48333333333333334
0 0.74875 0.71 0.4975 0.49666666666666665
