3 0.646875 0.12333333333333334 0.02875 0.04666666666666667
1 0.69375 0.1275 0.065 0.06833333333333333
4 0.685625 0.11916666666666667 0.12875 0.12833333333333333
3 0.635 0.28583333333333333 0.025 0.041666666666666664
1 0.701875 0.27666666666666667 0.09625 0.04
4 0.68375 0.2791666666666667 0.13 0.135
3 0.645 0.44166666666666665 0.025 0.04
1 0.693125 0.435 0.06125 0.05
4 0.685 0.42333333333333334 0.1225 0.11333333333333333
1 0.535 0.07666666666666666 0.07 0.07333333333333333
1 0.8625 0.13333333333333333 0.15 0.08
1 0.870625 0.2775 0.18125 0.07166666666666667
1 0.855625 0.43 0.16875 0.07
1 0.54375 0.55 0.09 0.07666666666666666
1 0.668125 0.7583333333333333 0.13875 0.06666666666666667
1 0.405625 0.8775 0.13625 0.085
1 0.390625 0.7583333333333333 0.15125 0.11
1 0.3875 0.6508333333333334 0.1475 0.13166666666666665
1 0.13375 0.55 0.105 0.06666666666666667
7 0.203125 0.8083333333333333 0.24375 0.31333333333333335
1 0.3825 0.4275 0.13 0.07833333333333334
1 0.23875 0.42083333333333334 0.0775 0.065
1 0.11125 0.41333333333333333 0.08 0.06333333333333334
5 0.128125 0.25833333333333336 0.10625 0.19333333333333333
5 0.25875 0.2525 0.13 0.215
5 0.398125 0.2625 0.12125 0.215
1 0.108125 0.08833333333333333 0.12875 0.08
0 0.244375 0.25416666666666665 0.44875 0.5083333333333333
0 0.72375 0.25416666666666665 0.535 0.5083333333333333
0 0.731875 0.7333333333333333 0.53625 0.5233333333333333
0 0.259375 0.7383333333333333 0.46375 0.5233333333333333
