1 0.115625 0.024958402662229616 0.09625 0.036605657237936774
1 0.13 0.1638935108153078 0.1 0.028286189683860232
1 0.105 0.33111480865224624 0.0475 0.033277870216306155
1 0.2775 0.15806988352745424 0.0875 0.026622296173044926
1 0.25 0.32529118136439267 0.055 0.028286189683860232
1 0.41 0.1605657237936772 0.1275 0.03494176372712146
1 0.41 0.33943427620632277 0.0825 0.029950083194675542
1 0.085625 0.48835274542429286 0.06125 0.03826955074875208
1 0.353125 0.5391014975041597 0.19125 0.04658901830282862
1 0.56625 0.08319467554076539 0.055 0.036605657237936774
1 0.59 0.3178036605657238 0.0825 0.03993344425956739
1 0.5925 0.49001663893510816 0.0575 0.04159733777038269
1 0.690625 0.6164725457570716 0.09125 0.03826955074875208
1 0.739375 0.31281198003327787 0.07375 0.03993344425956739
1 0.863125 0.3011647254575707 0.04375 0.033277870216306155
5 0.134375 0.20299500831946754 0.14125 0.1896838602329451
5 0.271875 0.21381031613976706 0.12625 0.1913477537437604
5 0.41625 0.2271214642262895 0.165 0.194675540765391
3 0.560625 0.20632279534109818 0.01625 0.026622296173044926
3 0.71625 0.22296173044925124 0.015 0.019966722129783693
3 0.854375 0.22878535773710482 0.01375 0.021630615640599003
4 0.596875 0.2254575707154742 0.11125 0.1048252911813644
4 0.74875 0.22961730449251247 0.1025 0.08985024958402663
4 0.883125 0.23377703826955074 0.09125 0.08485856905158069
8 0.166875 0.6780366056572379 0.17375 0.16472545757071547
0 0.765625 0.673044925124792 0.46875 0.5141430948419301
0 0.278125 0.6880199667221298 0.55625 0.5440931780366056
0 0.74875 0.23128119800332778 0.475 0.4226289517470882
0 0.279375 0.2271214642262895 0.50875 0.454242928452579
1 0.375625 0.6064891846921797 0.19125 0.048252911813643926
1 0.363125 0.6772046589018302 0.11875 0.03993344425956739
