1 0.628125 0.19083333333333333 0.08875 0.055
1 0.8675 0.3333333333333333 0.0675 0.04
1 0.7625 0.36 0.0975 0.07
1 0.619375 0.38666666666666666 0.13875 0.06666666666666667
1 0.6275 0.4708333333333333 0.1325 0.055
1 0.72 0.5975 0.135 0.06833333333333333
1 0.46 0.3 0.1075 0.09
1 0.465625 0.3908333333333333 0.12875 0.04833333333333333
1 0.3125 0.2875 0.0975 0.07166666666666667
1 0.163125 0.195 0.13625 0.043333333333333335
1 0.15125 0.285 0.1375 0.05
1 0.299375 0.3883333333333333 0.11875 0.05333333333333334
1 0.133125 0.41 0.09875 0.06
1 0.1325 0.51 0.13 0.06666666666666667
1 0.4075 0.485 0.24 0.06666666666666667
1 0.414375 0.5583333333333333 0.22125 0.07666666666666666
1 0.424375 0.6541666666666667 0.20625 0.058333333333333334
3 0.859375 0.26166666666666666 0.03125 0.043333333333333335
3 0.763125 0.2708333333333333 0.04375 0.03833333333333333
3 0.6175 0.27416666666666667 0.045 0.045
4 0.85875 0.26166666666666666 0.0775 0.09
4 0.76375 0.26666666666666666 0.095 0.1
4 0.630625 0.285 0.10625 0.12
5 0.45375 0.29583333333333334 0.12 0.12833333333333333
5 0.309375 0.29833333333333334 0.12625 0.11666666666666667
5 0.1475 0.30083333333333334 0.1525 0.125
8 0.16125 0.6958333333333333 0.245 0.24166666666666667
0 0.7575 0.6 0.465 0.43
0 0.726875 0.2808333333333333 0.39875 0.3016666666666667
0 0.285625 0.31416666666666665 0.51125 0.33166666666666667
0 0.276875 0.6408333333333334 0.53125 0.435
