1 0.1625 0.09111111111111111 0.085 0.04888888888888889
1 0.2275 0.21444444444444444 0.11 0.051111111111111114
1 0.368125 0.21888888888888888 0.10625 0.051111111111111114
1 0.4925 0.08333333333333333 0.06 0.05555555555555555
1 0.53375 0.26222222222222225 0.0775 0.07555555555555556
1 0.67875 0.2577777777777778 0.115 0.06222222222222222
1 0.795 0.24222222222222223 0.03 0.044444444444444446
1 0.14 0.5155555555555555 0.0625 0.04888888888888889
1 0.3725 0.6166666666666667 0.1675 0.06444444444444444
1 0.37 0.6844444444444444 0.175 0.057777777777777775
1 0.34125 0.7577777777777778 0.1275 0.06222222222222222
1 0.5125 0.5155555555555555 0.0725 0.057777777777777775
1 0.62625 0.6611111111111111 0.0875 0.14
2 0.21625 0.2722222222222222 0.0575 0.05555555555555555
2 0.3675 0.26555555555555554 0.0575 0.06444444444444444
1 0.303125 0.3388888888888889 0.09375 0.042222222222222223
2 0.29 0.39444444444444443 0.0525 0.05555555555555555
5 0.2225 0.2388888888888889 0.14 0.20666666666666667
5 0.361875 0.23777777777777778 0.12375 0.18222222222222223
5 0.29875 0.3711111111111111 0.1175 0.1688888888888889
4 0.535625 0.2688888888888889 0.10625 0.14222222222222222
4 0.6775 0.26555555555555554 0.13 0.15333333333333332
4 0.79125 0.25222222222222224 0.05 0.11777777777777777
6 0.20375 0.7211111111111111 0.1325 0.24222222222222223
0 0.2725 0.24666666666666667 0.36 0.4488888888888889
0 0.635 0.2411111111111111 0.4 0.46
0 0.27 0.7 0.3925 0.5422222222222223
0 0.645 0.6911111111111111 0.4025 0.5333333333333333
