1 0.1025 0.0825 0.1425 0.065
1 0.556875 0.0575 0.13375 0.065
1 0.090625 0.275 0.11875 0.08
1 0.278125 0.27416666666666667 0.13875 0.04833333333333333
1 0.414375 0.275 0.08625 0.10333333333333333
5 0.090625 0.3258333333333333 0.15625 0.235
5 0.276875 0.31 0.16125 0.2
5 0.414375 0.305 0.11375 0.21
3 0.061875 0.38333333333333336 0.05125 0.043333333333333335
3 0.259375 0.3566666666666667 0.05875 0.043333333333333335
3 0.40875 0.3541666666666667 0.05 0.03166666666666667
1 0.060625 0.4866666666666667 0.09125 0.06333333333333334
1 0.234375 0.4558333333333333 0.09125 0.065
1 0.40375 0.4475 0.145 0.04833333333333333
1 0.5875 0.21666666666666667 0.12 0.06333333333333334
1 0.5675 0.4425 0.125 0.07166666666666667
1 0.769375 0.21666666666666667 0.16625 0.07333333333333333
1 0.943125 0.22583333333333333 0.06625 0.041666666666666664
1 0.744375 0.43083333333333335 0.12375 0.065
1 0.925 0.395 0.0775 0.07
7 0.57875 0.32416666666666666 0.075 0.065
7 0.754375 0.295 0.07625 0.06
7 0.94125 0.28 0.0475 0.05
4 0.58875 0.2825 0.16 0.215
4 0.7725 0.27 0.19 0.21
4 0.933125 0.2525 0.11375 0.17833333333333334
1 0.109375 0.635 0.16125 0.07
1 0.583125 0.6216666666666667 0.14625 0.08
1 0.70625 0.8408333333333333 0.155 0.055
1 0.39125 0.6983333333333334 0.19 0.06666666666666667
1 0.41625 0.7891666666666667 0.1625 0.075
1 0.4125 0.8925 0.1175 0.075
7 0.198125 0.8608333333333333 0.25875 0.275
0 0.24375 0.29333333333333333 0.4875 0.5866666666666667
0 0.72 0.2708333333333333 0.5475 0.5416666666666666
0 0.25375 0.7666666666666667 0.5075 0.4666666666666667
0 0.74 0.745 0.52 0.51
