1 0.55875 0.5058333333333334 0.0625 0.03166666666666667
1 0.6425 0.6558333333333334 0.0875 0.041666666666666664
1 0.383125 0.6125 0.10875 0.03166666666666667
1 0.3925 0.555 0.1475 0.03333333333333333
1 0.3875 0.5175 0.1475 0.041666666666666664
1 0.178125 0.4625 0.06625 0.021666666666666667
8 0.19125 0.6408333333333334 0.19 0.22166666666666668
1 0.20125 0.24166666666666667 0.08 0.03
1 0.181875 0.32 0.04625 0.03333333333333333
1 0.32 0.3275 0.0475 0.03166666666666667
1 0.329375 0.24416666666666667 0.09125 0.028333333333333332
1 0.206875 0.1725 0.06625 0.028333333333333332
1 0.456875 0.25166666666666665 0.09125 0.03333333333333333
1 0.451875 0.32916666666666666 0.07375 0.03166666666666667
5 0.20375 0.25 0.115 0.08
5 0.336875 0.25166666666666665 0.12125 0.08666666666666667
5 0.45125 0.2575 0.105 0.07833333333333334
1 0.563125 0.18666666666666668 0.05125 0.023333333333333334
3 0.54 0.2866666666666667 0.015 0.023333333333333334
3 0.646875 0.2941666666666667 0.01625 0.025
3 0.75875 0.29333333333333333 0.0175 0.023333333333333334
4 0.7825 0.2941666666666667 0.0725 0.07833333333333334
4 0.671875 0.295 0.07375 0.08
4 0.566875 0.29333333333333333 0.07625 0.08
1 0.555625 0.3625 0.06125 0.03166666666666667
1 0.66875 0.3675 0.065 0.035
1 0.77 0.36666666666666664 0.04 0.02666666666666667
0 0.325 0.30833333333333335 0.37 0.32
0 0.7025 0.335 0.4 0.33666666666666667
0 0.695 0.6791666666666667 0.4175 0.445
0 0.298125 0.6516666666666666 0.41875 0.47
