0 0.738125 0.3016666666666667 0.51375 0.48333333333333334
1 0.649375 0.12833333333333333 0.16625 0.056666666666666664
1 0.77625 0.22666666666666666 0.15 0.04666666666666667
1 0.7925 0.2975 0.175 0.051666666666666666
1 0.786875 0.36916666666666664 0.16125 0.04833333333333333
3 0.55875 0.29333333333333333 0.0325 0.04
1 0.56375 0.3416666666666667 0.06 0.04
5 0.566875 0.3125 0.12125 0.15833333333333333
1 0.58625 0.42583333333333334 0.1125 0.03833333333333333
1 0.2275 0.17666666666666667 0.1375 0.06333333333333334
3 0.37875 0.23916666666666667 0.0325 0.04833333333333333
1 0.4025 0.27166666666666667 0.065 0.02666666666666667
3 0.25875 0.33416666666666667 0.03 0.04833333333333333
3 0.161875 0.3433333333333333 0.03375 0.04666666666666667
1 0.146875 0.3925 0.05125 0.041666666666666664
1 0.2575 0.37916666666666665 0.0625 0.041666666666666664
1 0.4025 0.4425 0.0675 0.03166666666666667
3 0.409375 0.4 0.03375 0.05333333333333334
0 0.2525 0.31416666666666665 0.48 0.495
0 0.744375 0.7583333333333333 0.50875 0.48333333333333334
1 0.69125 0.565 0.16 0.06
1 0.705 0.6433333333333333 0.0525 0.02666666666666667
2 0.70125 0.74 0.1325 0.13666666666666666
0 0.253125 0.7683333333333333 0.50625 0.4633333333333333
1 0.2775 0.5808333333333333 0.0925 0.055
1 0.18125 0.655 0.0475 0.03
5 0.185625 0.6533333333333333 0.09875 0.05333333333333334
1 0.348125 0.6416666666666667 0.05375 0.02666666666666667
5 0.34125 0.6441666666666667 0.105 0.051666666666666666
1 0.25375 0.7208333333333333 0.08 0.03833333333333333
5 0.250625 0.72 0.13375 0.06
3 0.13625 0.8108333333333333 0.0325 0.035
3 0.271875 0.8166666666666667 0.02625 0.03333333333333333
3 0.3925 0.7833333333333333 0.0325 0.04
