1 0.8925 0.3230174081237911 0.0475 0.05415860735009671
1 0.730625 0.3413926499032882 0.09125 0.09477756286266925
1 0.568125 0.3307543520309478 0.09875 0.06576402321083172
1 0.41 0.14796905222437137 0.105 0.06382978723404255
1 0.253125 0.13636363636363635 0.10875 0.048355899419729204
1 0.0875 0.09961315280464217 0.1275 0.05222437137330754
1 0.4075 0.3230174081237911 0.1125 0.058027079303675046
1 0.241875 0.32495164410058025 0.08125 0.0425531914893617
1 0.0675 0.3413926499032882 0.0775 0.08317214700193423
1 0.561875 0.5686653771760155 0.08625 0.058027079303675046
1 0.6875 0.7205029013539652 0.1025 0.06382978723404255
1 0.11625 0.5657640232108317 0.0975 0.059961315280464215
1 0.3575 0.597678916827853 0.21 0.0735009671179884
1 0.356875 0.6663442940038685 0.20875 0.06382978723404255
1 0.370625 0.7678916827852998 0.13875 0.05415860735009671
3 0.878125 0.14796905222437137 0.03625 0.06382978723404255
3 0.698125 0.15570599613152805 0.02625 0.048355899419729204
3 0.5425 0.14410058027079303 0.03 0.06382978723404255
4 0.90625 0.1653771760154739 0.115 0.17988394584139264
4 0.738125 0.1653771760154739 0.12125 0.195357833655706
4 0.575 0.1644100580270793 0.12 0.20502901353965183
5 0.40875 0.15860735009671179 0.1175 0.23210831721470018
5 0.2625 0.15860735009671179 0.1525 0.2437137330754352
5 0.094375 0.14410058027079303 0.15375 0.2495164410058027
8 0.141875 0.7495164410058027 0.23375 0.24564796905222436
0 0.73375 0.7524177949709865 0.5325 0.4951644100580271
0 0.735625 0.2620889748549323 0.52875 0.5125725338491296
0 0.245 0.2688588007736944 0.49 0.5106382978723404
0 0.240625 0.7495164410058027 0.48125 0.5009671179883946
