0 0.736875 0.27 0.49875 0.49333333333333335
0 0.268125 0.25083333333333335 0.48875 0.5016666666666667
0 0.735625 0.7441666666666666 0.50375 0.5083333333333333
0 0.25875 0.7433333333333333 0.4975 0.49666666666666665
5 0.096875 0.1875 0.11625 0.145
5 0.24625 0.21166666666666667 0.1175 0.15
5 0.40375 0.22166666666666668 0.1225 0.16333333333333333
1 0.094375 0.043333333333333335 0.11125 0.04666666666666667
1 0.3975 0.3325 0.1175 0.041666666666666664
1 0.221875 0.31833333333333336 0.07125 0.03666666666666667
1 0.085 0.3125 0.0625 0.041666666666666664
1 0.079375 0.5158333333333334 0.07625 0.035
1 0.39125 0.6341666666666667 0.195 0.051666666666666666
1 0.4025 0.6966666666666667 0.165 0.043333333333333335
1 0.395625 0.7725 0.08875 0.041666666666666664
7 0.149375 0.7325 0.21625 0.27166666666666667
1 0.623125 0.7183333333333334 0.08375 0.05333333333333334
1 0.564375 0.5275 0.07125 0.03833333333333333
3 0.636875 0.43083333333333335 0.02125 0.03166666666666667
3 0.649375 0.26 0.01625 0.02
3 0.64375 0.09083333333333334 0.0175 0.021666666666666667
1 0.546875 0.06583333333333333 0.05625 0.03166666666666667
1 0.685 0.0975 0.0525 0.03166666666666667
1 0.689375 0.26916666666666667 0.06125 0.035
1 0.809375 0.28 0.14375 0.043333333333333335
1 0.821875 0.41833333333333333 0.13875 0.04666666666666667
1 0.81625 0.11 0.09 0.03333333333333333
1 0.67875 0.4275 0.0525 0.028333333333333332
