1 0.518125 0.4915572232645403 0.05375 0.03189493433395872
1 0.12125 0.5014071294559099 0.08 0.025328330206378986
1 0.135 0.6336772983114447 0.065 0.027204502814258912
1 0.26875 0.6355534709193246 0.0625 0.029080675422138838
1 0.40625 0.6303939962476548 0.0875 0.03189493433395872
1 0.553125 0.6261726078799249 0.07625 0.03470919324577861
1 0.691875 0.6158536585365854 0.07625 0.04221388367729831
1 0.814375 0.5966228893058161 0.06625 0.0225140712945591
1 0.54125 0.700750469043152 0.07 0.028142589118198873
1 0.385 0.7368667917448405 0.1625 0.03283302063789869
1 0.123125 0.7270168855534709 0.06875 0.024390243902439025
3 0.519375 0.5530018761726079 0.03125 0.021575984990619138
3 0.65625 0.5450281425891182 0.035 0.0225140712945591
3 0.80875 0.5398686679174484 0.0375 0.025328330206378986
5 0.4 0.5675422138836773 0.115 0.08818011257035648
5 0.27875 0.5703564727954972 0.11 0.0900562851782364
5 0.145 0.5712945590994372 0.1175 0.0900562851782364
4 0.551875 0.5525328330206379 0.11875 0.06941838649155722
4 0.691875 0.5426829268292683 0.12625 0.06285178236397748
4 0.835625 0.5403377110694184 0.12375 0.06566604127579738
8 0.220625 0.8048780487804879 0.20875 0.09568480300187618
1 0.65 0.7734521575984991 0.09 0.025328330206378986
1 0.41 0.7720450281425891 0.1375 0.02626641651031895
1 0.415 0.8067542213883677 0.1175 0.0300187617260788
1 0.14125 0.5647279549718575 0.0925 0.0225140712945591
1 0.278125 0.5605065666041276 0.08625 0.021575984990619138
1 0.401875 0.5642589118198874 0.10375 0.02345215759849906
0 0.265 0.5778611632270169 0.44 0.2551594746716698
0 0.6925 0.5558161350844277 0.46 0.2448405253283302
0 0.275625 0.800656660412758 0.46875 0.2579737335834897
0 0.713125 0.7903377110694184 0.47875 0.26172607879924953
