1 0.18875 0.09083333333333334 0.1425 0.08166666666666667
1 0.55125 0.045 0.0825 0.05
1 0.798125 0.13583333333333333 0.13625 0.065
1 0.853125 0.2475 0.19375 0.055
1 0.818125 0.38666666666666666 0.17375 0.06666666666666667
1 0.168125 0.43833333333333335 0.09125 0.05333333333333334
1 0.3325 0.43 0.0725 0.04666666666666667
1 0.445 0.41083333333333333 0.0875 0.04833333333333333
1 0.144375 0.5366666666666666 0.09625 0.04
1 0.575 0.5308333333333334 0.1225 0.058333333333333334
1 0.378125 0.6483333333333333 0.20875 0.06
1 0.3825 0.7266666666666667 0.1875 0.05333333333333334
1 0.38625 0.8108333333333333 0.155 0.065
4 0.600625 0.14833333333333334 0.16125 0.09333333333333334
4 0.62875 0.26166666666666666 0.2075 0.08666666666666667
4 0.6 0.38166666666666665 0.14 0.08666666666666667
1 0.66 0.7241666666666666 0.115 0.06166666666666667
3 0.5525 0.14083333333333334 0.0275 0.028333333333333332
1 0.614375 0.14333333333333334 0.08375 0.05333333333333334
3 0.554375 0.26 0.03625 0.03
1 0.649375 0.265 0.13875 0.04666666666666667
1 0.626875 0.38083333333333336 0.06625 0.03833333333333333
3 0.559375 0.3825 0.03875 0.041666666666666664
5 0.18 0.31833333333333336 0.14 0.17
5 0.335 0.31083333333333335 0.1125 0.15833333333333333
5 0.4475 0.305 0.0825 0.15666666666666668
7 0.1875 0.7291666666666666 0.145 0.14833333333333334
0 0.739375 0.2425 0.50375 0.4716666666666667
0 0.739375 0.7158333333333333 0.52125 0.525
0 0.281875 0.7308333333333333 0.42125 0.5116666666666667
0 0.28375 0.26 0.425 0.49333333333333335
