1 0.80375 0.48 0.0525 0.044444444444444446
1 0.664375 0.4666666666666667 0.05875 0.04888888888888889
1 0.57 0.46 0.0675 0.04
1 0.58625 0.6266666666666667 0.0975 0.06222222222222222
1 0.44375 0.7733333333333333 0.1475 0.29333333333333333
1 0.1675 0.6188888888888889 0.075 0.05555555555555555
1 0.151875 0.3566666666666667 0.05875 0.042222222222222223
1 0.563125 0.12222222222222222 0.05875 0.04888888888888889
1 0.210625 0.11888888888888889 0.08375 0.04666666666666667
1 0.29875 0.36777777777777776 0.0625 0.05555555555555555
1 0.46375 0.37777777777777777 0.0975 0.04888888888888889
3 0.165625 0.2688888888888889 0.02625 0.04
3 0.32875 0.2722222222222222 0.0275 0.03777777777777778
3 0.4575 0.27111111111111114 0.0375 0.04888888888888889
1 0.65375 0.8866666666666667 0.085 0.04
1 0.585625 0.2588888888888889 0.06625 0.042222222222222223
1 0.18375 0.22333333333333333 0.0925 0.028888888888888888
5 0.178125 0.24 0.13125 0.16
1 0.338125 0.2222222222222222 0.08375 0.03111111111111111
1 0.473125 0.21777777777777776 0.07625 0.057777777777777775
5 0.465 0.25 0.115 0.16666666666666666
1 0.713125 0.2611111111111111 0.10125 0.03777777777777778
1 0.81625 0.25222222222222224 0.05 0.03333333333333333
2 0.555625 0.3711111111111111 0.02375 0.05333333333333334
2 0.68125 0.37333333333333335 0.025 0.04888888888888889
2 0.8025 0.38222222222222224 0.0425 0.04888888888888889
5 0.331875 0.25222222222222224 0.11375 0.15333333333333332
7 0.24 0.79 0.205 0.23777777777777778
0 0.311875 0.31 0.43875 0.5355555555555556
0 0.31125 0.7766666666666666 0.465 0.44222222222222224
0 0.718125 0.7777777777777778 0.38375 0.44
0 0.71125 0.3333333333333333 0.3575 0.5555555555555556
4 0.58625 0.32555555555555554 0.0975 0.22
4 0.704375 0.31666666666666665 0.12375 0.2288888888888889
4 0.81875 0.32222222222222224 0.11 0.2222222222222222
