2 0.07125 0.1806981519507187 0.0725 0.053388090349075976
2 0.246875 0.1601642710472279 0.07125 0.07802874743326489
2 0.38 0.14784394250513347 0.0675 0.053388090349075976
8 0.096875 0.8223819301848049 0.19375 0.26899383983572894
1 0.118125 0.03182751540041068 0.09625 0.039014373716632446
1 0.08 0.12012320328542095 0.0975 0.04722792607802875
1 0.059375 0.2997946611909651 0.07625 0.049281314168377825
1 0.245 0.09958932238193019 0.11 0.03490759753593429
1 0.24 0.28439425051334705 0.085 0.04722792607802875
1 0.39125 0.09240246406570841 0.1175 0.04106776180698152
1 0.37125 0.27720739219712526 0.11 0.049281314168377825
1 0.524375 0.030800821355236138 0.07375 0.049281314168377825
1 0.593125 0.1806981519507187 0.08625 0.06981519507186858
1 0.804375 0.14784394250513347 0.15375 0.03285420944558522
1 0.543125 0.2946611909650924 0.10125 0.0513347022587269
1 0.75 0.2751540041067762 0.1 0.03696098562628337
1 0.04 0.5975359342915811 0.075 0.04106776180698152
1 0.356875 0.6149897330595483 0.18125 0.07597535934291581
1 0.35875 0.6919917864476386 0.1725 0.053388090349075976
1 0.3575 0.7967145790554415 0.1675 0.053388090349075976
1 0.54 0.5975359342915811 0.0975 0.03696098562628337
1 0.62875 0.7515400410677618 0.1075 0.045174537987679675
5 0.081875 0.14784394250513347 0.12625 0.16837782340862423
5 0.24625 0.13449691991786447 0.125 0.20739219712525667
5 0.386875 0.12217659137577003 0.12375 0.17864476386036962
4 0.5675 0.16837782340862423 0.1725 0.1026694045174538
4 0.78125 0.15503080082135523 0.21 0.09650924024640657
4 0.94875 0.13655030800821355 0.0925 0.09650924024640657
1 0.961875 0.13449691991786447 0.04625 0.03490759753593429
1 0.934375 0.26283367556468173 0.05375 0.024640657084188913
0 0.7225 0.7638603696098563 0.555 0.4722792607802875
0 0.225625 0.7669404517453798 0.45125 0.46611909650924027
0 0.72125 0.26899383983572894 0.5575 0.5379876796714579
0 0.225625 0.27720739219712526 0.45125 0.5544147843942505
