1 0.594375 0.16333333333333333 0.08375 0.05333333333333334
1 0.5725 0.2825 0.0675 0.03166666666666667
1 0.685625 0.27 0.06125 0.016666666666666666
1 0.7925 0.26666666666666666 0.0475 0.03
4 0.79125 0.26416666666666666 0.075 0.07166666666666667
4 0.683125 0.2758333333333333 0.07875 0.07166666666666667
4 0.5725 0.2758333333333333 0.0825 0.085
1 0.238125 0.16583333333333333 0.15875 0.058333333333333334
1 0.195625 0.25333333333333335 0.07625 0.03666666666666667
1 0.350625 0.25 0.07625 0.04666666666666667
1 0.26375 0.3675 0.09 0.028333333333333332
2 0.345 0.29083333333333333 0.0525 0.045
2 0.248125 0.4166666666666667 0.05375 0.04
2 0.181875 0.29 0.04625 0.03666666666666667
5 0.190625 0.2775 0.09125 0.12166666666666667
5 0.348125 0.275 0.10125 0.13
5 0.25625 0.38416666666666666 0.1025 0.14833333333333334
1 0.150625 0.5375 0.10125 0.03833333333333333
1 0.411875 0.5958333333333333 0.18625 0.045
1 0.410625 0.6366666666666667 0.18375 0.043333333333333335
1 0.391875 0.6808333333333333 0.13625 0.045
6 0.206875 0.7108333333333333 0.15625 0.20166666666666666
1 0.604375 0.5141666666666667 0.09375 0.058333333333333334
1 0.646875 0.6308333333333334 0.05625 0.06833333333333333
0 0.75125 0.7158333333333333 0.48 0.5116666666666667
0 0.28125 0.73 0.4875 0.5066666666666667
0 0.736875 0.26 0.46875 0.44333333333333336
0 0.28125 0.2675 0.4475 0.435
