1 0.495625 0.12333333333333334 0.04875 0.04666666666666667
1 0.65875 0.2966666666666667 0.04 0.03777777777777778
1 0.580625 0.3055555555555556 0.04875 0.03777777777777778
1 0.49625 0.3 0.0625 0.044444444444444446
3 0.629375 0.23555555555555555 0.01625 0.022222222222222223
3 0.560625 0.24 0.01375 0.02666666666666667
3 0.481875 0.2311111111111111 0.01875 0.022222222222222223
4 0.64625 0.23444444444444446 0.0625 0.08666666666666667
4 0.574375 0.2388888888888889 0.04875 0.08222222222222222
4 0.49625 0.23444444444444446 0.0725 0.07777777777777778
1 0.15125 0.05555555555555555 0.0875 0.06222222222222222
1 0.368125 0.16777777777777778 0.11125 0.05555555555555555
1 0.370625 0.31333333333333335 0.07875 0.05333333333333334
1 0.23875 0.15555555555555556 0.0925 0.04
1 0.14375 0.15 0.0525 0.051111111111111114
1 0.219375 0.25666666666666665 0.04875 0.04666666666666667
1 0.11125 0.25 0.0425 0.04666666666666667
5 0.373125 0.20222222222222222 0.14125 0.1688888888888889
5 0.243125 0.17777777777777778 0.11125 0.1288888888888889
5 0.13875 0.16777777777777778 0.06 0.1
1 0.48125 0.5855555555555556 0.0575 0.05555555555555555
1 0.585625 0.7522222222222222 0.06625 0.04666666666666667
1 0.089375 0.5411111111111111 0.05875 0.051111111111111114
1 0.28625 0.5911111111111111 0.1575 0.057777777777777775
1 0.301875 0.66 0.16375 0.06666666666666667
1 0.309375 0.7288888888888889 0.11875 0.05333333333333334
8 0.16 0.6933333333333334 0.175 0.21777777777777776
0 0.215625 0.7466666666666667 0.43125 0.5066666666666667
0 0.60125 0.7544444444444445 0.38 0.4911111111111111
0 0.5975 0.3011111111111111 0.34 0.46444444444444444
0 0.258125 0.2733333333333333 0.41375 0.5288888888888889
