0 0.70125 0.22916666666666666 0.3775 0.4583333333333333
0 0.71625 0.7214912280701754 0.39 0.5570175438596491
0 0.308125 0.7280701754385965 0.45625 0.543859649122807
0 0.310625 0.23574561403508773 0.42625 0.47149122807017546
1 0.63875 0.6458333333333334 0.07 0.041666666666666664
1 0.575 0.48135964912280704 0.06 0.041666666666666664
1 0.6925 0.2993421052631579 0.0675 0.05921052631578947
1 0.798125 0.2817982456140351 0.04375 0.041666666666666664
1 0.809375 0.18092105263157895 0.04125 0.03289473684210526
3 0.773125 0.18530701754385964 0.01125 0.02850877192982456
3 0.663125 0.19846491228070176 0.01125 0.03289473684210526
1 0.699375 0.19517543859649122 0.05875 0.03070175438596491
1 0.60375 0.21271929824561403 0.045 0.05263157894736842
3 0.565 0.20394736842105263 0.0175 0.039473684210526314
1 0.586875 0.3026315789473684 0.07625 0.06140350877192982
1 0.565625 0.03837719298245614 0.05125 0.041666666666666664
4 0.594375 0.20394736842105263 0.09125 0.11403508771929824
4 0.698125 0.20175438596491227 0.09125 0.13157894736842105
4 0.805 0.19188596491228072 0.0925 0.1206140350877193
2 0.475 0.22039473684210525 0.0675 0.06359649122807018
2 0.354375 0.21820175438596492 0.05625 0.05043859649122807
2 0.2175 0.21162280701754385 0.055 0.05921052631578947
1 0.21375 0.3223684210526316 0.0475 0.07017543859649122
1 0.3525 0.3059210526315789 0.0625 0.041666666666666664
1 0.47 0.30043859649122806 0.065 0.043859649122807015
1 0.473125 0.16228070175438597 0.06125 0.03508771929824561
1 0.350625 0.1699561403508772 0.06125 0.05043859649122807
1 0.216875 0.16447368421052633 0.05625 0.03508771929824561
1 0.235625 0.05263157894736842 0.08375 0.039473684210526314
8 0.26875 0.7006578947368421 0.1925 0.20833333333333334
1 0.416875 0.5361842105263158 0.15625 0.07236842105263158
1 0.4325 0.6019736842105263 0.1425 0.046052631578947366
1 0.444375 0.6765350877192983 0.12875 0.05482456140350877
1 0.215625 0.4934210526315789 0.06875 0.04824561403508772
