1 0.084375 0.0525 0.08625 0.03166666666666667
1 0.525625 0.06 0.05375 0.03666666666666667
1 0.0425 0.47583333333333333 0.075 0.035
1 0.525 0.4625 0.0625 0.041666666666666664
1 0.378125 0.6158333333333333 0.19125 0.14166666666666666
1 0.695 0.6608333333333334 0.085 0.04833333333333333
1 0.085 0.30916666666666665 0.0625 0.04833333333333333
1 0.224375 0.3233333333333333 0.06875 0.04
1 0.389375 0.3416666666666667 0.10125 0.04666666666666667
3 0.3825 0.25833333333333336 0.0525 0.06333333333333334
3 0.244375 0.24916666666666668 0.04875 0.058333333333333334
3 0.1225 0.235 0.04 0.05
1 0.580625 0.30333333333333334 0.11875 0.04
1 0.70375 0.31 0.075 0.05333333333333334
1 0.833125 0.2991666666666667 0.05875 0.03833333333333333
2 0.5725 0.24166666666666667 0.0425 0.043333333333333335
2 0.7075 0.23916666666666667 0.0425 0.045
2 0.839375 0.24 0.04875 0.04666666666666667
1 0.5725 0.19 0.0625 0.03333333333333333
1 0.709375 0.1925 0.08375 0.028333333333333332
1 0.829375 0.19083333333333333 0.06875 0.028333333333333332
4 0.575 0.21833333333333332 0.1 0.11666666666666667
4 0.708125 0.22 0.10625 0.11666666666666667
4 0.84125 0.21583333333333332 0.1025 0.12166666666666667
0 0.2525 0.22333333333333333 0.46 0.4266666666666667
0 0.7125 0.22583333333333333 0.445 0.4216666666666667
0 0.725625 0.7083333333333334 0.48375 0.55
7 0.19625 0.6666666666666666 0.255 0.29333333333333333
0 0.24 0.7108333333333333 0.48 0.5416666666666666
5 0.115625 0.2025 0.11875 0.13833333333333334
5 0.24875 0.22583333333333333 0.1225 0.145
5 0.386875 0.2325 0.13125 0.175
1 0.1175 0.185 0.0925 0.03666666666666667
1 0.251875 0.19083333333333333 0.10125 0.051666666666666666
1 0.3925 0.1975 0.115 0.041666666666666664
