1 0.130625 0.09166666666666666 0.06125 0.03666666666666667
1 0.24375 0.1475 0.2625 0.045
1 0.33875 0.2875 0.055 0.035
1 0.31375 0.3625 0.1475 0.041666666666666664
1 0.584375 0.08583333333333333 0.08125 0.058333333333333334
1 0.643125 0.23 0.18375 0.2
1 0.8675 0.2075 0.0775 0.06166666666666667
1 0.638125 0.36916666666666664 0.05875 0.03166666666666667
1 0.130625 0.49833333333333335 0.08375 0.056666666666666664
1 0.5825 0.49166666666666664 0.08 0.04
1 0.810625 0.51 0.08625 0.043333333333333335
1 0.77 0.5908333333333333 0.2575 0.051666666666666666
1 0.61125 0.6616666666666666 0.0625 0.043333333333333335
1 0.770625 0.6625 0.09375 0.045
1 0.91 0.6566666666666666 0.0625 0.04666666666666667
1 0.9225 0.7858333333333334 0.055 0.051666666666666666
1 0.781875 0.7866666666666666 0.06875 0.04666666666666667
1 0.611875 0.7958333333333333 0.05125 0.041666666666666664
2 0.316875 0.29333333333333333 0.21875 0.24333333333333335
2 0.861875 0.2866666666666667 0.06625 0.08
4 0.8725 0.265 0.18 0.22333333333333333
3 0.385625 0.5691666666666667 0.02875 0.051666666666666666
3 0.32875 0.6 0.035 0.05
3 0.255 0.6408333333333334 0.035 0.041666666666666664
3 0.18375 0.6883333333333334 0.0275 0.03666666666666667
3 0.6075 0.7125 0.03 0.045
3 0.764375 0.705 0.03125 0.03666666666666667
3 0.90875 0.7058333333333333 0.03 0.041666666666666664
5 0.613125 0.6891666666666667 0.10125 0.125
5 0.775 0.6783333333333333 0.125 0.11
5 0.915625 0.6775 0.09375 0.115
4 0.80625 0.5125 0.1525 0.07833333333333334
0 0.26125 0.71 0.5225 0.52
0 0.264375 0.24166666666666667 0.51375 0.43666666666666665
0 0.753125 0.2475 0.49375 0.4583333333333333
0 0.751875 0.7041666666666667 0.49625 0.5116666666666667
7 0.29375 0.6875 0.3875 0.31166666666666665
