1 0.12125 0.09083333333333334 0.14 0.06166666666666667
1 0.12375 0.2 0.125 0.05333333333333334
2 0.119375 0.26 0.07375 0.06333333333333334
5 0.126875 0.22333333333333333 0.16375 0.2
1 0.23875 0.36583333333333334 0.125 0.051666666666666666
2 0.233125 0.42583333333333334 0.05625 0.065
5 0.23875 0.38666666666666666 0.155 0.18333333333333332
1 0.37125 0.23583333333333334 0.165 0.058333333333333334
2 0.359375 0.29333333333333333 0.04875 0.056666666666666664
5 0.371875 0.24916666666666668 0.17875 0.205
0 0.25875 0.275 0.4675 0.44666666666666666
1 0.560625 0.11083333333333334 0.08125 0.058333333333333334
1 0.560625 0.2875 0.08625 0.06833333333333333
4 0.5575 0.2791666666666667 0.12 0.16166666666666665
4 0.74125 0.265 0.1875 0.16
1 0.740625 0.27166666666666667 0.15125 0.05333333333333334
4 0.914375 0.265 0.10875 0.14666666666666667
1 0.90625 0.265 0.07 0.04666666666666667
0 0.734375 0.2658333333333333 0.50125 0.425
1 0.093125 0.545 0.09125 0.05
6 0.14625 0.7408333333333333 0.2025 0.2816666666666667
1 0.373125 0.635 0.21875 0.06666666666666667
1 0.37375 0.7291666666666666 0.2175 0.06166666666666667
1 0.356875 0.8325 0.17875 0.065
0 0.26125 0.7075 0.47 0.4716666666666667
1 0.560625 0.5341666666666667 0.08375 0.041666666666666664
1 0.65 0.73 0.11 0.11666666666666667
0 0.733125 0.6966666666666667 0.49625 0.49333333333333335
