0 0.270625 0.2425 0.44625 0.3883333333333333
0 0.733125 0.25 0.49875 0.4
0 0.28 0.6391666666666667 0.47 0.43166666666666664
0 0.72 0.63 0.4725 0.41
1 0.686875 0.6791666666666667 0.04875 0.025
1 0.56 0.495 0.0725 0.043333333333333335
1 0.550625 0.3358333333333333 0.05875 0.025
1 0.70375 0.33 0.0675 0.03333333333333333
1 0.844375 0.34 0.04875 0.03
1 0.851875 0.23166666666666666 0.04625 0.023333333333333334
1 0.71875 0.22 0.0875 0.02
2 0.725 0.26416666666666666 0.035 0.035
2 0.860625 0.26916666666666667 0.03125 0.041666666666666664
1 0.556875 0.21583333333333332 0.04875 0.025
2 0.564375 0.2633333333333333 0.03625 0.04666666666666667
4 0.724375 0.24 0.11125 0.11666666666666667
4 0.86875 0.2575 0.0975 0.11166666666666666
4 0.5675 0.245 0.0975 0.12
1 0.534375 0.0925 0.05875 0.03833333333333333
1 0.423125 0.225 0.08375 0.056666666666666664
3 0.415 0.25833333333333336 0.03 0.03333333333333333
5 0.416875 0.235 0.10125 0.12333333333333334
1 0.40625 0.32916666666666666 0.0775 0.03166666666666667
1 0.250625 0.3275 0.05625 0.028333333333333332
1 0.2625 0.21583333333333332 0.0675 0.021666666666666667
5 0.264375 0.2375 0.09625 0.10833333333333334
1 0.120625 0.2225 0.06625 0.021666666666666667
3 0.115 0.2725 0.0275 0.03833333333333333
1 0.11125 0.345 0.0475 0.03
5 0.12 0.24833333333333332 0.09 0.12333333333333334
1 0.094375 0.08166666666666667 0.07875 0.03333333333333333
1 0.105625 0.4766666666666667 0.06875 0.02666666666666667
1 0.4075 0.5175 0.14 0.035
1 0.414375 0.5583333333333333 0.14375 0.02666666666666667
1 0.4425 0.6091666666666666 0.05 0.03166666666666667
7 0.220625 0.6975 0.20875 0.21833333333333332
