0 0.73625 0.355 0.5175 0.42333333333333334
0 0.740625 0.7716666666666666 0.50875 0.4166666666666667
0 0.26 0.77 0.4575 0.4166666666666667
0 0.25375 0.35333333333333333 0.445 0.42
1 0.1525 0.26916666666666667 0.105 0.051666666666666666
1 0.14875 0.37166666666666665 0.095 0.03666666666666667
2 0.141875 0.4191666666666667 0.03875 0.04833333333333333
1 0.294375 0.3541666666666667 0.09125 0.03166666666666667
2 0.28 0.40166666666666667 0.04 0.04
1 0.41 0.35083333333333333 0.095 0.028333333333333332
2 0.395 0.4033333333333333 0.04 0.04666666666666667
1 0.156875 0.5208333333333334 0.07125 0.055
1 0.2975 0.4891666666666667 0.0625 0.03833333333333333
1 0.423125 0.48833333333333334 0.09125 0.04666666666666667
8 0.211875 0.7725 0.16125 0.16166666666666665
1 0.388125 0.6541666666666667 0.17875 0.06166666666666667
1 0.404375 0.7025 0.16625 0.058333333333333334
1 0.395625 0.7533333333333333 0.11875 0.04
1 0.68875 0.7316666666666667 0.12 0.03
1 0.568125 0.6116666666666667 0.07125 0.03666666666666667
4 0.565 0.3308333333333333 0.135 0.145
3 0.53 0.3308333333333333 0.025 0.03833333333333333
1 0.5825 0.33 0.06 0.03666666666666667
3 0.67625 0.2991666666666667 0.0225 0.03166666666666667
1 0.760625 0.295 0.12625 0.06333333333333334
4 0.74 0.295 0.1775 0.12666666666666668
3 0.67625 0.2991666666666667 0.0225 0.03166666666666667
4 0.930625 0.2825 0.11875 0.155
1 0.9375 0.25833333333333336 0.055 0.03666666666666667
3 0.888125 0.26666666666666666 0.02375 0.02666666666666667
1 0.906875 0.3883333333333333 0.06125 0.04
1 0.730625 0.4216666666666667 0.08625 0.06666666666666667
1 0.54625 0.45916666666666667 0.0925 0.058333333333333334
