1 0.16625 0.09 0.0725 0.03333333333333333
1 0.195 0.15555555555555556 0.0725 0.022222222222222223
2 0.19625 0.19555555555555557 0.035 0.035555555555555556
5 0.193125 0.1811111111111111 0.10125 0.13111111111111112
1 0.39 0.1811111111111111 0.0975 0.03333333333333333
2 0.385 0.23444444444444446 0.04 0.04666666666666667
5 0.390625 0.20333333333333334 0.11625 0.15333333333333332
1 0.2975 0.32222222222222224 0.09 0.03111111111111111
2 0.291875 0.37555555555555553 0.03625 0.04888888888888889
5 0.2975 0.3522222222222222 0.1125 0.14888888888888888
0 0.28125 0.26555555555555554 0.3875 0.46
1 0.5225 0.12111111111111111 0.0425 0.03333333333333333
1 0.531875 0.24222222222222223 0.05875 0.035555555555555556
4 0.53 0.24222222222222223 0.075 0.07555555555555556
1 0.63625 0.2388888888888889 0.0975 0.028888888888888888
4 0.636875 0.24555555555555555 0.10875 0.07333333333333333
1 0.739375 0.23777777777777778 0.04625 0.03111111111111111
4 0.74375 0.2388888888888889 0.0675 0.07777777777777778
0 0.64625 0.2822222222222222 0.365 0.4533333333333333
1 0.53375 0.5344444444444445 0.0525 0.03777777777777778
1 0.60875 0.6422222222222222 0.065 0.09333333333333334
0 0.655625 0.7288888888888889 0.37125 0.4888888888888889
1 0.169375 0.5422222222222223 0.06375 0.04
6 0.2225 0.6933333333333334 0.1125 0.17333333333333334
1 0.3875 0.5755555555555556 0.16 0.035555555555555556
1 0.38625 0.6244444444444445 0.165 0.04
1 0.3675 0.6777777777777778 0.13 0.035555555555555556
0 0.278125 0.7344444444444445 0.40125 0.5044444444444445
