5 0.44375 0.19166666666666668 0.125 0.16333333333333333
1 0.450625 0.1725 0.09875 0.045
1 0.481875 0.2875 0.11625 0.058333333333333334
3 0.430625 0.22666666666666666 0.03125 0.03
1 0.28125 0.1475 0.1025 0.03166666666666667
3 0.275625 0.21416666666666667 0.03125 0.03166666666666667
5 0.28375 0.185 0.15 0.16666666666666666
1 0.283125 0.31416666666666665 0.07625 0.041666666666666664
1 0.10125 0.155 0.11 0.04
1 0.11625 0.04083333333333333 0.1225 0.035
3 0.096875 0.21166666666666667 0.03375 0.03666666666666667
1 0.0875 0.33416666666666667 0.085 0.04833333333333333
5 0.11 0.18166666666666667 0.155 0.18
1 0.635625 0.10333333333333333 0.05625 0.02666666666666667
1 0.665625 0.1775 0.06875 0.025
2 0.6625 0.21166666666666667 0.035 0.03
1 0.66875 0.2891666666666667 0.105 0.035
4 0.675 0.20333333333333334 0.1225 0.09333333333333334
1 0.824375 0.16583333333333333 0.09375 0.021666666666666667
2 0.82 0.205 0.0325 0.02666666666666667
1 0.838125 0.2725 0.08625 0.03166666666666667
4 0.8275 0.1875 0.1225 0.095
1 0.96 0.265 0.045 0.023333333333333334
2 0.9525 0.20166666666666666 0.0275 0.03333333333333333
1 0.944375 0.16 0.04875 0.016666666666666666
4 0.951875 0.18333333333333332 0.09375 0.09333333333333334
1 0.678125 0.4775 0.08625 0.035
1 0.790625 0.6008333333333333 0.08875 0.035
1 0.44875 0.525 0.2675 0.07333333333333333
1 0.46375 0.5808333333333333 0.2525 0.07833333333333334
1 0.503125 0.6291666666666667 0.10375 0.041666666666666664
1 0.07625 0.5 0.105 0.05333333333333334
7 0.176875 0.6291666666666667 0.19125 0.165
0 0.303125 0.24166666666666667 0.60625 0.45666666666666667
0 0.7925 0.23083333333333333 0.415 0.42833333333333334
0 0.80125 0.6516666666666666 0.3975 0.45
0 0.33125 0.655 0.66 0.44333333333333336
