1 0.195625 0.09666666666666666 0.06125 0.03666666666666667
1 0.269375 0.17 0.20125 0.056666666666666664
1 0.355 0.27666666666666667 0.1175 0.08
2 0.353125 0.25833333333333336 0.17875 0.18333333333333332
1 0.206875 0.4716666666666667 0.07625 0.06333333333333334
7 0.30625 0.6383333333333333 0.38 0.31333333333333335
3 0.23875 0.6166666666666667 0.0325 0.04
3 0.303125 0.5975 0.02875 0.03833333333333333
3 0.369375 0.5725 0.03125 0.045
3 0.44625 0.5408333333333334 0.0275 0.041666666666666664
1 0.599375 0.1125 0.07375 0.058333333333333334
1 0.638125 0.2525 0.19375 0.19166666666666668
1 0.59 0.3775 0.04 0.025
4 0.5925 0.37833333333333335 0.06 0.04
1 0.809375 0.23083333333333333 0.05375 0.058333333333333334
2 0.815 0.2966666666666667 0.065 0.06333333333333334
4 0.821875 0.26916666666666667 0.12375 0.19166666666666668
1 0.5975 0.46416666666666667 0.06 0.035
1 0.719375 0.5116666666666667 0.04875 0.02666666666666667
4 0.729375 0.5116666666666667 0.09125 0.05333333333333334
1 0.730625 0.5525 0.23625 0.055
1 0.640625 0.7175 0.04875 0.035
1 0.77875 0.71 0.045 0.03333333333333333
1 0.905 0.7108333333333333 0.0325 0.035
3 0.639375 0.6625 0.02125 0.03166666666666667
3 0.76375 0.6583333333333333 0.025 0.02666666666666667
3 0.89375 0.6575 0.025 0.03166666666666667
1 0.888125 0.6291666666666667 0.03625 0.028333333333333332
5 0.9 0.6416666666666667 0.0775 0.08333333333333333
5 0.769375 0.64 0.07625 0.08666666666666667
1 0.76375 0.625 0.0575 0.043333333333333335
5 0.64 0.6425 0.085 0.085
1 0.63625 0.635 0.05 0.03666666666666667
0 0.755625 0.21166666666666667 0.48875 0.42333333333333334
0 0.76375 0.705 0.4725 0.59
0 0.28375 0.7066666666666667 0.5675 0.5866666666666667
0 0.266875 0.2225 0.53375 0.445
