0 0.730625 0.30666666666666664 0.44625 0.41333333333333333
0 0.741875 0.705 0.45375 0.44333333333333336
0 0.29625 0.7141666666666666 0.465 0.41833333333333333
0 0.3 0.31 0.44 0.43
1 0.5825 0.5316666666666666 0.0675 0.03
1 0.645625 0.67 0.08375 0.04666666666666667
1 0.58 0.3908333333333333 0.0825 0.051666666666666666
1 0.71 0.3725 0.07 0.03833333333333333
1 0.833125 0.3541666666666667 0.04375 0.03166666666666667
1 0.838125 0.25 0.04625 0.023333333333333334
3 0.803125 0.25666666666666665 0.02125 0.03333333333333333
3 0.67125 0.2675 0.0175 0.028333333333333332
1 0.7175 0.2675 0.075 0.035
1 0.594375 0.2841666666666667 0.05125 0.03166666666666667
3 0.555625 0.27666666666666667 0.02125 0.03333333333333333
4 0.585625 0.28833333333333333 0.10375 0.11666666666666667
4 0.709375 0.275 0.11125 0.11
4 0.830625 0.26166666666666666 0.10375 0.11
1 0.1975 0.16583333333333333 0.085 0.03166666666666667
1 0.4325 0.28833333333333333 0.1075 0.03333333333333333
1 0.315625 0.2866666666666667 0.08125 0.03
1 0.188125 0.29 0.08625 0.02666666666666667
2 0.183125 0.3358333333333333 0.03625 0.045
2 0.30875 0.3275 0.045 0.045
2 0.42875 0.32666666666666666 0.04 0.05333333333333334
1 0.178125 0.5441666666666667 0.06875 0.03166666666666667
1 0.416875 0.5891666666666666 0.14625 0.03833333333333333
1 0.4375 0.625 0.15 0.03333333333333333
1 0.42875 0.6716666666666666 0.1275 0.03333333333333333
8 0.285 0.6908333333333333 0.2525 0.225
