1 0.1 0.5769230769230769 0.0775 0.046153846153846156
1 0.61375 0.5401709401709401 0.0875 0.044444444444444446
1 0.448125 0.5803418803418804 0.15875 0.046153846153846156
1 0.74 0.7273504273504273 0.0925 0.05299145299145299
7 0.19625 0.7965811965811965 0.28 0.27008547008547007
1 0.136875 0.37094017094017095 0.06875 0.04786324786324787
1 0.296875 0.3641025641025641 0.06625 0.04786324786324787
1 0.46875 0.36324786324786323 0.1025 0.05299145299145299
1 0.609375 0.335042735042735 0.09125 0.0547008547008547
1 0.75625 0.3316239316239316 0.0675 0.05128205128205128
1 0.924375 0.3111111111111111 0.05375 0.037606837606837605
1 0.120625 0.06581196581196581 0.09875 0.046153846153846156
1 0.586875 0.046153846153846156 0.06125 0.05128205128205128
1 0.1375 0.19743589743589743 0.0975 0.035897435897435895
1 0.2975 0.18974358974358974 0.0975 0.037606837606837605
1 0.459375 0.19572649572649573 0.11625 0.05299145299145299
3 0.458125 0.23247863247863249 0.03375 0.04786324786324787
3 0.294375 0.25384615384615383 0.03625 0.04957264957264957
3 0.130625 0.2658119658119658 0.03375 0.046153846153846156
5 0.128125 0.24017094017094018 0.13625 0.1794871794871795
5 0.29 0.22393162393162394 0.1325 0.1811965811965812
5 0.454375 0.20598290598290597 0.13625 0.17606837606837608
2 0.6275 0.2376068376068376 0.04 0.041025641025641026
4 0.635625 0.19829059829059828 0.13375 0.15726495726495726
1 0.780625 0.17094017094017094 0.09375 0.03076923076923077
2 0.779375 0.2264957264957265 0.03375 0.042735042735042736
2 0.9375 0.2230769230769231 0.0375 0.046153846153846156
1 0.949375 0.1675213675213675 0.04875 0.037606837606837605
4 0.7825 0.1905982905982906 0.13 0.15555555555555556
4 0.939375 0.17435897435897435 0.11875 0.17777777777777778
0 0.27375 0.26495726495726496 0.5475 0.5299145299145299
0 0.27625 0.7427350427350428 0.5525 0.5076923076923077
0 0.76875 0.7401709401709402 0.46 0.5162393162393163
0 0.764375 0.25213675213675213 0.46875 0.5008547008547009
1 0.473125 0.6239316239316239 0.13625 0.03418803418803419
1 0.49 0.6965811965811965 0.0625 0.05641025641025641
