1 0.084375 0.12258687258687259 0.11375 0.052123552123552123
1 0.11375 0.22683397683397682 0.095 0.0637065637065637
1 0.271875 0.21235521235521235 0.10375 0.05019305019305019
1 0.438125 0.2335907335907336 0.12125 0.07335907335907337
1 0.5925 0.10617760617760617 0.065 0.0694980694980695
1 0.626875 0.19884169884169883 0.04625 0.04247104247104247
1 0.793125 0.1776061776061776 0.09375 0.02702702702702703
1 0.938125 0.16312741312741313 0.04375 0.03667953667953668
1 0.101875 0.34942084942084944 0.05125 0.04633204633204633
1 0.266875 0.3416988416988417 0.06125 0.05019305019305019
1 0.433125 0.35135135135135137 0.08625 0.04633204633204633
1 0.6 0.34459459459459457 0.075 0.06756756756756757
1 0.743125 0.3252895752895753 0.06625 0.055984555984555984
1 0.9075 0.305019305019305 0.05 0.03474903474903475
1 0.085625 0.5878378378378378 0.09875 0.04826254826254826
1 0.43625 0.6138996138996139 0.185 0.06563706563706563
1 0.435625 0.6708494208494209 0.17625 0.06756756756756757
1 0.45 0.7316602316602316 0.1425 0.05019305019305019
1 0.606875 0.5482625482625483 0.08375 0.06177606177606178
1 0.693125 0.696911196911197 0.09625 0.05791505791505792
2 0.11375 0.27413127413127414 0.055 0.04633204633204633
2 0.273125 0.26833976833976836 0.04875 0.05019305019305019
2 0.435625 0.2808880308880309 0.04625 0.04826254826254826
3 0.59 0.19498069498069498 0.03 0.05791505791505792
3 0.731875 0.17471042471042472 0.02375 0.04826254826254826
3 0.903125 0.16216216216216217 0.02625 0.04247104247104247
5 0.115 0.2384169884169884 0.155 0.14092664092664092
5 0.26875 0.23262548262548263 0.1325 0.14478764478764478
5 0.439375 0.23938223938223938 0.15625 0.16602316602316602
4 0.609375 0.22104247104247104 0.09125 0.16023166023166024
4 0.779375 0.2171814671814672 0.15375 0.1640926640926641
4 0.9375 0.1969111969111969 0.115 0.16216216216216217
8 0.15875 0.7548262548262549 0.19 0.20463320463320464
0 0.765 0.7461389961389961 0.47 0.5077220077220077
0 0.27625 0.7442084942084942 0.5525 0.5115830115830116
0 0.764375 0.2808880308880309 0.47125 0.5617760617760618
0 0.275 0.26158301158301156 0.55 0.5231660231660231
