1 0.115625 0.060833333333333336 0.08125 0.041666666666666664
1 0.15625 0.19333333333333333 0.11 0.03666666666666667
1 0.366875 0.18166666666666667 0.12875 0.04
1 0.264375 0.31666666666666665 0.10125 0.043333333333333335
1 0.525625 0.08916666666666667 0.05625 0.04833333333333333
1 0.5475 0.265 0.0675 0.05
1 0.690625 0.25666666666666665 0.10625 0.043333333333333335
1 0.84 0.2608333333333333 0.0525 0.03833333333333333
1 0.099375 0.5508333333333333 0.08375 0.055
1 0.365 0.535 0.14 0.05
1 0.36125 0.6 0.15 0.04666666666666667
1 0.3525 0.6483333333333333 0.115 0.043333333333333335
1 0.5125 0.5175 0.0625 0.045
1 0.596875 0.6316666666666667 0.07125 0.07666666666666666
2 0.1425 0.2525 0.045 0.055
6 0.206875 0.7066666666666667 0.18875 0.24
2 0.3525 0.23 0.0475 0.04666666666666667
2 0.27 0.37 0.0525 0.04666666666666667
5 0.155 0.22166666666666668 0.155 0.16666666666666666
5 0.369375 0.20833333333333334 0.17125 0.16
5 0.275 0.3408333333333333 0.16 0.15166666666666667
4 0.54375 0.2625 0.12 0.10833333333333334
4 0.690625 0.265 0.12875 0.11333333333333333
4 0.83625 0.2608333333333333 0.0925 0.11166666666666666
0 0.25375 0.2525 0.4525 0.48833333333333334
0 0.686875 0.26416666666666666 0.48625 0.485
0 0.678125 0.705 0.53375 0.49
0 0.236875 0.7033333333333334 0.43875 0.5
