1 0.09375 0.07583333333333334 0.0975 0.058333333333333334
1 0.2225 0.155 0.185 0.05333333333333334
1 0.553125 0.056666666666666664 0.08875 0.06
1 0.63 0.12416666666666666 0.2625 0.06166666666666667
1 0.576875 0.19666666666666666 0.15125 0.06
1 0.609375 0.2708333333333333 0.22375 0.06166666666666667
1 0.560625 0.3541666666666667 0.11625 0.058333333333333334
1 0.57125 0.43916666666666665 0.0575 0.035
4 0.8675 0.315 0.245 0.30666666666666664
1 0.55 0.5458333333333333 0.0875 0.045
1 0.7 0.655 0.3225 0.06333333333333334
5 0.5775 0.79 0.085 0.10666666666666667
5 0.70625 0.7783333333333333 0.0975 0.13
5 0.84125 0.7816666666666666 0.1125 0.13666666666666666
1 0.57125 0.8933333333333333 0.0425 0.04
1 0.690625 0.8841666666666667 0.05625 0.045
1 0.848125 0.8975 0.05875 0.045
7 0.24 0.765 0.4625 0.32666666666666666
3 0.18625 0.69 0.04 0.05333333333333334
1 0.07 0.5683333333333334 0.08 0.08
2 0.26375 0.2758333333333333 0.335 0.3283333333333333
1 0.708125 0.5658333333333333 0.07875 0.041666666666666664
4 0.733125 0.5691666666666667 0.19875 0.095
3 0.285 0.6775 0.0375 0.045
3 0.35375 0.6541666666666667 0.035 0.04833333333333333
3 0.41 0.6275 0.0375 0.051666666666666666
1 0.0725 0.16416666666666666 0.095 0.075
1 0.26375 0.3933333333333333 0.21 0.06
1 0.32625 0.30333333333333334 0.0775 0.05
2 0.844375 0.36083333333333334 0.12375 0.09166666666666666
1 0.8475 0.24166666666666667 0.08 0.05
1 0.703125 0.7575 0.07375 0.03166666666666667
1 0.83375 0.7566666666666667 0.055 0.043333333333333335
1 0.57625 0.7733333333333333 0.07 0.04666666666666667
3 0.58 0.8016666666666666 0.025 0.03333333333333333
3 0.6975 0.8066666666666666 0.03 0.04666666666666667
3 0.83625 0.8033333333333333 0.025 0.04
4 0.57875 0.44166666666666665 0.145 0.07
0 0.740625 0.25833333333333336 0.51875 0.5166666666666667
0 0.738125 0.7466666666666667 0.52375 0.5066666666666667
0 0.244375 0.25916666666666666 0.48875 0.5183333333333333
0 0.249375 0.7433333333333333 0.49875 0.5133333333333333
