0 0.603125 0.2411111111111111 0.36625 0.4066666666666667
0 0.605 0.6888888888888889 0.37 0.5511111111111111
0 0.24 0.23444444444444446 0.38 0.4111111111111111
0 0.24 0.6922222222222222 0.375 0.5711111111111111
1 0.116875 0.08333333333333333 0.05875 0.028888888888888888
5 0.138125 0.22333333333333333 0.06875 0.08666666666666667
5 0.228125 0.22555555555555556 0.06625 0.08666666666666667
5 0.315 0.22444444444444445 0.0675 0.08
1 0.133125 0.28888888888888886 0.03875 0.02666666666666667
1 0.215 0.28888888888888886 0.0425 0.02666666666666667
1 0.325625 0.29 0.06375 0.028888888888888888
1 0.1225 0.4588888888888889 0.045 0.03333333333333333
7 0.175625 0.6266666666666667 0.15125 0.23555555555555555
1 0.331875 0.5277777777777778 0.13125 0.042222222222222223
1 0.354375 0.5666666666666667 0.11875 0.03111111111111111
1 0.35625 0.6255555555555555 0.065 0.03777777777777778
1 0.52 0.5977777777777777 0.05 0.04888888888888889
1 0.468125 0.4588888888888889 0.04375 0.028888888888888888
1 0.513125 0.3488888888888889 0.02875 0.017777777777777778
3 0.483125 0.3488888888888889 0.01625 0.03111111111111111
4 0.513125 0.35444444444444445 0.08625 0.06
1 0.528125 0.24555555555555555 0.06375 0.03333333333333333
3 0.484375 0.24555555555555555 0.01625 0.03777777777777778
4 0.516875 0.2477777777777778 0.09375 0.06444444444444444
3 0.485 0.1411111111111111 0.015 0.028888888888888888
1 0.519375 0.1511111111111111 0.03625 0.03111111111111111
4 0.51375 0.15 0.0825 0.07777777777777778
1 0.45375 0.07555555555555556 0.03 0.02666666666666667
1 0.624375 0.15333333333333332 0.05625 0.04
1 0.635 0.23222222222222222 0.095 0.03333333333333333
1 0.631875 0.3511111111111111 0.08125 0.035555555555555556
