1 0.249375 0.03777777777777778 0.13875 0.07555555555555556
3 0.23375 0.2111111111111111 0.0475 0.06222222222222222
3 0.146875 0.20777777777777778 0.04125 0.06
1 0.1325 0.27111111111111114 0.0375 0.04888888888888889
1 0.229375 0.2722222222222222 0.04875 0.051111111111111114
1 0.59625 0.03666666666666667 0.1175 0.06888888888888889
3 0.5675 0.16555555555555557 0.0275 0.042222222222222223
1 0.571875 0.20555555555555555 0.03875 0.042222222222222223
1 0.57125 0.28 0.0875 0.057777777777777775
1 0.75375 0.12666666666666668 0.1 0.07111111111111111
1 0.76125 0.21333333333333335 0.1225 0.07111111111111111
1 0.755625 0.2966666666666667 0.11375 0.06444444444444444
1 0.675625 0.53 0.15125 0.10444444444444445
1 0.63875 0.6755555555555556 0.0575 0.044444444444444446
1 0.23375 0.5144444444444445 0.0725 0.08666666666666667
1 0.325625 0.6311111111111111 0.05625 0.044444444444444446
1 0.143125 0.6388888888888888 0.05125 0.04666666666666667
1 0.239375 0.77 0.04875 0.06888888888888889
3 0.128125 0.8733333333333333 0.03875 0.06222222222222222
3 0.253125 0.9044444444444445 0.03125 0.05333333333333334
3 0.365625 0.87 0.03625 0.06444444444444444
2 0.648125 0.7411111111111112 0.08375 0.1
3 0.358125 0.1322222222222222 0.04125 0.07333333333333333
3 0.365 0.2511111111111111 0.04 0.06666666666666667
1 0.37375 0.3055555555555556 0.0475 0.051111111111111114
1 0.373125 0.17222222222222222 0.06625 0.042222222222222223
5 0.335 0.6311111111111111 0.105 0.10666666666666667
5 0.144375 0.6333333333333333 0.11125 0.10222222222222223
5 0.243125 0.7611111111111111 0.12125 0.10888888888888888
5 0.57625 0.18888888888888888 0.08 0.13777777777777778
0 0.7025 0.7111111111111111 0.4625 0.5777777777777777
0 0.70375 0.2411111111111111 0.45 0.4822222222222222
0 0.275 0.24222222222222223 0.4425 0.48444444444444446
0 0.2625 0.7155555555555555 0.46 0.5688888888888889
