1 0.118125 0.033880903490759756 0.09875 0.04722792607802875
1 0.245625 0.09856262833675565 0.11125 0.03696098562628337
1 0.390625 0.08624229979466119 0.12125 0.049281314168377825
1 0.080625 0.11909650924024641 0.09875 0.049281314168377825
2 0.248125 0.162217659137577 0.07625 0.08213552361396304
2 0.38125 0.14784394250513347 0.07 0.057494866529774126
2 0.073125 0.18480492813141683 0.07625 0.057494866529774126
1 0.24125 0.28542094455852157 0.0825 0.053388090349075976
1 0.375625 0.2741273100616016 0.11875 0.055441478439425054
1 0.06125 0.2997946611909651 0.0775 0.053388090349075976
5 0.3875 0.12422997946611909 0.1275 0.18275154004106775
5 0.245 0.1324435318275154 0.1275 0.21149897330595482
5 0.0825 0.14681724845995894 0.13 0.17453798767967146
0 0.225 0.27720739219712526 0.45 0.5544147843942505
1 0.524375 0.03182751540041068 0.07375 0.0513347022587269
1 0.593125 0.17967145790554415 0.08625 0.08008213552361396
1 0.8025 0.14784394250513347 0.155 0.04106776180698152
1 0.9625 0.13347022587268995 0.0475 0.03696098562628337
1 0.934375 0.26283367556468173 0.05375 0.03285420944558522
1 0.749375 0.2731006160164271 0.10125 0.04106776180698152
1 0.541875 0.2946611909650924 0.10125 0.055441478439425054
4 0.948125 0.1375770020533881 0.09125 0.09856262833675565
4 0.780625 0.1540041067761807 0.21125 0.1026694045174538
4 0.566875 0.16940451745379878 0.17625 0.10882956878850103
0 0.72125 0.27002053388090347 0.555 0.5400410677618069
1 0.54 0.5985626283367557 0.1 0.043121149897330596
1 0.63 0.75564681724846 0.105 0.053388090349075976
1 0.358125 0.6160164271047228 0.18375 0.07392197125256673
1 0.36 0.6940451745379876 0.175 0.057494866529774126
1 0.358125 0.795687885010267 0.16875 0.059548254620123205
1 0.04 0.5985626283367557 0.0725 0.04722792607802875
8 0.098125 0.8203285420944558 0.19625 0.2731006160164271
0 0.7225 0.7648870636550308 0.555 0.4702258726899384
0 0.2275 0.7659137577002053 0.455 0.4681724845995893
