5 0.076875 0.25166666666666665 0.10875 0.16
5 0.2125 0.24916666666666668 0.115 0.15833333333333333
5 0.363125 0.24416666666666667 0.12375 0.165
1 0.08375 0.0475 0.1025 0.04833333333333333
1 0.074375 0.23 0.07625 0.03
1 0.2125 0.22416666666666665 0.0825 0.03166666666666667
1 0.366875 0.22083333333333333 0.10875 0.035
1 0.054375 0.3883333333333333 0.05375 0.043333333333333335
1 0.2 0.37166666666666665 0.055 0.03333333333333333
1 0.368125 0.3675 0.08875 0.03166666666666667
1 0.545625 0.0475 0.05375 0.041666666666666664
1 0.564375 0.3425 0.08125 0.035
1 0.720625 0.345 0.07375 0.043333333333333335
1 0.8775 0.3466666666666667 0.0425 0.03666666666666667
1 0.06625 0.5833333333333334 0.0675 0.043333333333333335
1 0.341875 0.6216666666666667 0.16875 0.04666666666666667
1 0.375625 0.6791666666666667 0.16125 0.041666666666666664
1 0.370625 0.745 0.11375 0.04
1 0.57875 0.5666666666666667 0.0725 0.04666666666666667
1 0.711875 0.7791666666666667 0.09125 0.045
8 0.171875 0.7833333333333333 0.21375 0.23333333333333334
3 0.535625 0.22 0.01875 0.03666666666666667
3 0.695 0.22333333333333333 0.025 0.03333333333333333
3 0.861875 0.21833333333333332 0.02375 0.03666666666666667
4 0.57125 0.23333333333333334 0.11 0.14
4 0.725 0.23333333333333334 0.105 0.13333333333333333
4 0.8925 0.2375 0.105 0.13833333333333334
0 0.2575 0.2675 0.51 0.535
0 0.7425 0.265 0.5075 0.53
0 0.753125 0.7458333333333333 0.48875 0.5016666666666667
0 0.263125 0.7433333333333333 0.52625 0.5066666666666667
