0 0.2625 0.25583333333333336 0.52 0.505
0 0.755 0.245 0.49 0.4866666666666667
0 0.26875 0.7391666666666666 0.53 0.5183333333333333
0 0.753125 0.7366666666666667 0.48625 0.5266666666666666
1 0.1175 0.03833333333333333 0.15 0.05333333333333334
1 0.580625 0.05 0.07875 0.05333333333333334
1 0.125625 0.4025 0.10375 0.075
1 0.3025 0.37833333333333335 0.085 0.04666666666666667
1 0.450625 0.37833333333333335 0.10875 0.04666666666666667
5 0.1075 0.2525 0.115 0.16833333333333333
5 0.26875 0.23833333333333334 0.13 0.18333333333333332
5 0.42125 0.25583333333333336 0.12 0.15166666666666667
1 0.704375 0.17166666666666666 0.09625 0.07333333333333333
1 0.880625 0.17333333333333334 0.13375 0.07666666666666666
1 0.71125 0.28833333333333333 0.1525 0.08
1 0.91125 0.26916666666666667 0.17 0.07833333333333334
1 0.700625 0.39 0.09125 0.043333333333333335
1 0.911875 0.37083333333333335 0.17375 0.055
3 0.61625 0.3983333333333333 0.035 0.04666666666666667
3 0.61125 0.2775 0.0325 0.045
3 0.62125 0.16166666666666665 0.0325 0.05333333333333334
4 0.67375 0.1625 0.1925 0.105
4 0.6825 0.2816666666666667 0.225 0.09333333333333334
4 0.665625 0.4058333333333333 0.18875 0.09166666666666666
1 0.115625 0.5733333333333334 0.12375 0.07
7 0.256875 0.8316666666666667 0.33375 0.28
1 0.436875 0.6666666666666666 0.13875 0.14666666666666667
1 0.4575 0.7866666666666666 0.1325 0.09666666666666666
1 0.4575 0.9158333333333334 0.105 0.08833333333333333
1 0.60625 0.5416666666666666 0.115 0.05
1 0.7175 0.7808333333333334 0.12 0.10833333333333334
