1 0.520625 0.06458333333333334 0.05375 0.041666666666666664
1 0.14 0.08854166666666667 0.0725 0.04791666666666667
1 0.140625 0.20208333333333334 0.05125 0.05
1 0.250625 0.19166666666666668 0.05375 0.0625
1 0.376875 0.17604166666666668 0.07125 0.052083333333333336
5 0.13875 0.20833333333333334 0.0725 0.10416666666666667
5 0.245625 0.20520833333333333 0.08375 0.11458333333333333
5 0.375625 0.19895833333333332 0.08875 0.12291666666666666
1 0.398125 0.2916666666666667 0.07875 0.041666666666666664
1 0.256875 0.2791666666666667 0.05125 0.0375
1 0.126875 0.2947916666666667 0.04375 0.03958333333333333
3 0.3775 0.221875 0.0225 0.035416666666666666
3 0.2475 0.23854166666666668 0.0175 0.022916666666666665
3 0.1425 0.23333333333333334 0.0225 0.029166666666666667
0 0.29125 0.22604166666666667 0.405 0.45208333333333334
1 0.5675 0.19583333333333333 0.0475 0.029166666666666667
1 0.703125 0.184375 0.05875 0.03125
1 0.7975 0.17604166666666668 0.0325 0.03125
4 0.561875 0.20208333333333334 0.11125 0.11666666666666667
4 0.6875 0.19270833333333334 0.095 0.10625
4 0.79125 0.18229166666666666 0.0775 0.09791666666666667
1 0.79 0.2833333333333333 0.0475 0.03333333333333333
1 0.68625 0.28958333333333336 0.0675 0.041666666666666664
1 0.544375 0.30625 0.07625 0.0375
7 0.526875 0.21875 0.02375 0.03333333333333333
7 0.6575 0.19895833333333332 0.02 0.035416666666666666
7 0.76875 0.18020833333333333 0.0175 0.035416666666666666
1 0.135625 0.48125 0.06875 0.04583333333333333
1 0.415 0.5614583333333333 0.115 0.09375
1 0.421875 0.6583333333333333 0.08125 0.0625
1 0.43 0.740625 0.0725 0.04375
1 0.54625 0.48541666666666666 0.06 0.041666666666666664
1 0.628125 0.603125 0.06125 0.04375
0 0.2875 0.7125 0.4575 0.575
0 0.67 0.228125 0.3925 0.45625
0 0.6775 0.7114583333333333 0.3775 0.5645833333333333
7 0.238125 0.6677083333333333 0.25625 0.27291666666666664
