1 0.65125 0.71 0.0875 0.042222222222222223
1 0.611875 0.5455555555555556 0.08125 0.051111111111111114
1 0.606875 0.37777777777777777 0.08625 0.04
1 0.71875 0.35888888888888887 0.065 0.042222222222222223
1 0.81625 0.33666666666666667 0.0475 0.03333333333333333
3 0.791875 0.24 0.01875 0.044444444444444446
3 0.69875 0.25666666666666665 0.0225 0.042222222222222223
3 0.56875 0.27555555555555555 0.0225 0.035555555555555556
4 0.815625 0.2477777777777778 0.07625 0.12666666666666668
4 0.718125 0.26 0.07125 0.13333333333333333
4 0.60375 0.2811111111111111 0.095 0.13111111111111112
1 0.580625 0.1811111111111111 0.05625 0.04666666666666667
1 0.17125 0.18666666666666668 0.0975 0.044444444444444446
1 0.32 0.25222222222222224 0.0975 0.042222222222222223
1 0.453125 0.25 0.12375 0.04666666666666667
1 0.185625 0.2722222222222222 0.10625 0.051111111111111114
1 0.17875 0.4577777777777778 0.0725 0.044444444444444446
1 0.315 0.4666666666666667 0.065 0.044444444444444446
1 0.4575 0.39555555555555555 0.0825 0.04
5 0.1825 0.32222222222222224 0.1375 0.2
5 0.316875 0.31666666666666665 0.13625 0.2511111111111111
5 0.46 0.27444444444444444 0.15 0.17555555555555555
1 0.183125 0.5933333333333334 0.09375 0.04888888888888889
1 0.415 0.61 0.1625 0.051111111111111114
1 0.41125 0.6588888888888889 0.16 0.03777777777777778
1 0.415 0.7244444444444444 0.1175 0.035555555555555556
8 0.24625 0.8 0.22 0.29333333333333333
0 0.739375 0.7266666666666667 0.37625 0.5466666666666666
0 0.72625 0.3211111111111111 0.3975 0.36666666666666664
0 0.32375 0.7488888888888889 0.47 0.5022222222222222
0 0.323125 0.35888888888888887 0.46875 0.43777777777777777
