1 0.235 0.09666666666666666 0.13 0.06
1 0.148125 0.22416666666666665 0.04625 0.058333333333333334
1 0.279375 0.22333333333333333 0.04375 0.04666666666666667
1 0.4175 0.19083333333333333 0.04 0.03166666666666667
1 0.419375 0.22666666666666666 0.08375 0.03666666666666667
1 0.13 0.36916666666666664 0.0625 0.045
1 0.270625 0.36 0.07125 0.03666666666666667
1 0.41 0.35833333333333334 0.11 0.05
1 0.2225 0.47583333333333333 0.105 0.045
1 0.4225 0.5616666666666666 0.13 0.04
1 0.591875 0.08833333333333333 0.10125 0.05333333333333334
1 0.565625 0.19583333333333333 0.07125 0.03166666666666667
1 0.746875 0.19 0.10875 0.03333333333333333
1 0.905 0.18916666666666668 0.065 0.041666666666666664
1 0.579375 0.3566666666666667 0.09875 0.04666666666666667
1 0.7275 0.35583333333333333 0.09 0.04833333333333333
1 0.90125 0.3358333333333333 0.06 0.045
1 0.621875 0.49416666666666664 0.10875 0.06166666666666667
1 0.66125 0.6525 0.075 0.051666666666666666
7 0.21375 0.6458333333333334 0.235 0.215
3 0.1475 0.2808333333333333 0.0375 0.055
3 0.284375 0.27666666666666667 0.04375 0.05
3 0.420625 0.2775 0.03875 0.051666666666666666
2 0.57375 0.2658333333333333 0.06 0.065
2 0.740625 0.2608333333333333 0.06875 0.065
2 0.9125 0.25083333333333335 0.0675 0.06833333333333333
5 0.1575 0.25333333333333335 0.12 0.17
5 0.289375 0.24666666666666667 0.11625 0.17
5 0.425 0.2275 0.12 0.19166666666666668
4 0.583125 0.235 0.12125 0.17
4 0.745625 0.225 0.13625 0.19
4 0.918125 0.21333333333333335 0.13875 0.18333333333333332
0 0.29 0.22916666666666666 0.425 0.425
0 0.74125 0.235 0.505 0.45
0 0.2875 0.6475 0.4325 0.455
0 0.740625 0.6483333333333333 0.50375 0.44
1 0.4225 0.5983333333333334 0.125 0.04
1 0.39125 0.6533333333333333 0.05 0.06333333333333334
