1 0.07625 0.15 0.115 0.043333333333333335
1 0.571875 0.17166666666666666 0.09375 0.05333333333333334
1 0.545 0.55 0.0775 0.05333333333333334
1 0.07625 0.5925 0.085 0.03833333333333333
1 0.398125 0.5791666666666667 0.18375 0.051666666666666666
1 0.634375 0.6783333333333333 0.07375 0.09333333333333334
6 0.20125 0.7425 0.1625 0.23833333333333334
5 0.108125 0.295 0.09375 0.12333333333333334
5 0.28125 0.2966666666666667 0.18 0.15666666666666668
5 0.180625 0.44166666666666665 0.09125 0.13
4 0.600625 0.335 0.09375 0.10333333333333333
4 0.733125 0.3283333333333333 0.11875 0.1
4 0.87 0.325 0.085 0.11
1 0.1075 0.2783333333333333 0.0625 0.056666666666666664
1 0.28 0.2783333333333333 0.1225 0.06666666666666667
1 0.175625 0.42 0.05875 0.05333333333333334
2 0.1 0.32083333333333336 0.0375 0.051666666666666666
2 0.266875 0.31 0.03375 0.056666666666666664
2 0.175 0.4558333333333333 0.0375 0.051666666666666666
1 0.60125 0.32916666666666666 0.0675 0.041666666666666664
1 0.73 0.31083333333333335 0.0925 0.03833333333333333
1 0.86875 0.32083333333333336 0.0575 0.035
1 0.3975 0.635 0.1775 0.06
1 0.39 0.6858333333333333 0.1475 0.058333333333333334
0 0.25875 0.3283333333333333 0.515 0.4766666666666667
0 0.746875 0.3258333333333333 0.50125 0.455
0 0.25625 0.7458333333333333 0.5 0.505
0 0.74125 0.7408333333333333 0.5175 0.485
