1 0.104375 0.30916666666666665 0.10375 0.055
1 0.15125 0.3883333333333333 0.0925 0.02666666666666667
1 0.266875 0.38333333333333336 0.09125 0.02666666666666667
1 0.37875 0.37916666666666665 0.1025 0.03166666666666667
1 0.1475 0.5108333333333334 0.06 0.04833333333333333
1 0.269375 0.4875 0.06875 0.03833333333333333
1 0.390625 0.4825 0.08375 0.035
1 0.473125 0.2991666666666667 0.05375 0.035
1 0.48875 0.375 0.0625 0.04666666666666667
1 0.50625 0.49833333333333335 0.075 0.04666666666666667
1 0.5975 0.3616666666666667 0.09 0.03
1 0.62 0.4766666666666667 0.065 0.043333333333333335
1 0.7325 0.35333333333333333 0.0575 0.03
1 0.745 0.45166666666666666 0.06 0.03333333333333333
1 0.1525 0.6591666666666667 0.065 0.051666666666666666
1 0.39375 0.6941666666666667 0.105 0.08166666666666667
1 0.40125 0.7283333333333334 0.1225 0.06333333333333334
1 0.408125 0.785 0.05625 0.05333333333333334
1 0.49125 0.6125 0.0575 0.035
1 0.60125 0.7391666666666666 0.0675 0.051666666666666666
3 0.145625 0.4216666666666667 0.02625 0.04
3 0.2625 0.4116666666666667 0.0225 0.03
3 0.37875 0.4033333333333333 0.0225 0.03
2 0.4925 0.4275 0.045 0.03833333333333333
2 0.60625 0.405 0.04 0.03
2 0.741875 0.39166666666666666 0.04875 0.04
5 0.151875 0.41083333333333333 0.11625 0.12833333333333333
5 0.2675 0.39666666666666667 0.1125 0.13
5 0.383125 0.4 0.12875 0.13
4 0.499375 0.39916666666666667 0.11125 0.155
4 0.605625 0.37583333333333335 0.12375 0.14833333333333334
4 0.735 0.35583333333333333 0.1425 0.13166666666666665
7 0.243125 0.8191666666666667 0.20875 0.22166666666666668
0 0.25 0.43833333333333335 0.4175 0.39
0 0.635 0.42083333333333334 0.41 0.345
0 0.295 0.7841666666666667 0.405 0.405
0 0.634375 0.7625 0.36875 0.4083333333333333
