3 0.134375 0.23594548551959113 0.03125 0.03236797274275979
3 0.27625 0.23850085178875638 0.03 0.034071550255536626
3 0.431875 0.24361158432708688 0.02375 0.027257240204429302
1 0.1325 0.1746166950596252 0.085 0.022146507666098807
1 0.273125 0.17291311754684838 0.08625 0.02555366269165247
1 0.43875 0.1848381601362862 0.105 0.03236797274275979
1 0.134375 0.08006814310051108 0.08375 0.027257240204429302
5 0.435 0.2061328790459966 0.1225 0.16013628620102216
5 0.279375 0.20954003407155025 0.13125 0.17035775127768313
5 0.134375 0.20442930153321975 0.11375 0.1567291311754685
1 0.12125 0.3441226575809199 0.055 0.04770017035775128
1 0.266875 0.3364565587734242 0.05875 0.03236797274275979
1 0.43625 0.338160136286201 0.0875 0.028960817717206135
1 0.1225 0.5255536626916525 0.0725 0.039182282793867124
1 0.425625 0.5911413969335605 0.15625 0.04088586030664395
1 0.441875 0.6473594548551959 0.16125 0.03747870528109029
1 0.4225 0.7206132879045997 0.0675 0.044293015332197615
7 0.200625 0.7078364565587735 0.20375 0.2402044293015332
1 0.665 0.7035775127768313 0.0625 0.04088586030664395
1 0.58 0.5229982964224872 0.0625 0.034071550255536626
1 0.595625 0.32793867120954 0.07875 0.028960817717206135
1 0.733125 0.3202725724020443 0.06625 0.03747870528109029
1 0.875 0.313458262350937 0.045 0.030664395229982964
1 0.885625 0.15928449744463374 0.04875 0.028960817717206135
1 0.743125 0.16609880749574105 0.07875 0.028960817717206135
1 0.595625 0.17546848381601363 0.05375 0.030664395229982964
2 0.600625 0.22146507666098808 0.03875 0.04088586030664395
2 0.73875 0.2120954003407155 0.0375 0.039182282793867124
2 0.88375 0.20357751277683134 0.0375 0.04258943781942078
1 0.57125 0.07921635434412266 0.055 0.03577512776831346
4 0.88875 0.1839863713798978 0.0975 0.1362862010221465
4 0.7475 0.1839863713798978 0.1125 0.13287904599659284
4 0.605625 0.19420783645655879 0.11625 0.13287904599659284
0 0.729375 0.252129471890971 0.43125 0.45315161839863716
0 0.293125 0.2555366269165247 0.47625 0.47018739352640543
0 0.73875 0.7061328790459966 0.4275 0.4991482112436116
0 0.296875 0.7163543441226575 0.47625 0.4991482112436116
