0 0.26875 0.22822299651567945 0.53 0.4564459930313589
0 0.7625 0.22909407665505227 0.46 0.44773519163763065
0 0.266875 0.7282229965156795 0.53375 0.5435540069686411
0 0.76125 0.7142857142857143 0.4775 0.5226480836236934
1 0.40875 0.5609756097560976 0.1975 0.04529616724738676
1 0.413125 0.6289198606271778 0.20625 0.04878048780487805
1 0.406875 0.6916376306620209 0.16125 0.04529616724738676
1 0.109375 0.5235191637630662 0.09125 0.05749128919860627
1 0.586875 0.5165505226480837 0.08625 0.05400696864111498
1 0.678125 0.7247386759581882 0.10875 0.05226480836236934
1 0.920625 0.33710801393728224 0.05875 0.04355400696864112
1 0.78125 0.34581881533101044 0.0925 0.06794425087108014
1 0.60875 0.3397212543554007 0.1225 0.04878048780487805
1 0.58 0.06097560975609756 0.0625 0.05574912891986063
1 0.130625 0.041811846689895474 0.11375 0.05574912891986063
1 0.42 0.23780487804878048 0.125 0.04006968641114982
1 0.274375 0.2264808362369338 0.09625 0.04878048780487805
1 0.1175 0.2073170731707317 0.0675 0.07317073170731707
1 0.114375 0.3693379790940767 0.06875 0.05226480836236934
1 0.273125 0.37630662020905925 0.06625 0.05574912891986063
1 0.4425 0.3911149825783972 0.105 0.05400696864111498
5 0.42 0.2665505226480836 0.14 0.1986062717770035
5 0.275 0.24738675958188153 0.13 0.17421602787456447
5 0.116875 0.22822299651567945 0.10875 0.16376306620209058
3 0.591875 0.21254355400696864 0.03125 0.04878048780487805
3 0.75875 0.21951219512195122 0.0325 0.041811846689895474
3 0.903125 0.21951219512195122 0.02875 0.041811846689895474
4 0.920625 0.2273519163763066 0.08875 0.12717770034843207
4 0.78125 0.22909407665505227 0.0975 0.12369337979094076
4 0.623125 0.2264808362369338 0.10875 0.13937282229965156
8 0.249375 0.7569686411149826 0.35625 0.2804878048780488
