0 0.251875 0.2658333333333333 0.50375 0.475
0 0.2525 0.7508333333333334 0.505 0.49833333333333335
0 0.75125 0.7391666666666666 0.4875 0.5216666666666666
0 0.748125 0.25083333333333335 0.48375 0.4683333333333333
1 0.0925 0.11583333333333333 0.1075 0.055
1 0.115625 0.19583333333333333 0.08125 0.03833333333333333
1 0.4 0.19083333333333333 0.1375 0.051666666666666666
1 0.24125 0.355 0.0975 0.03
2 0.115625 0.2525 0.04875 0.065
2 0.394375 0.24833333333333332 0.04125 0.05
2 0.23875 0.4083333333333333 0.0525 0.056666666666666664
5 0.115 0.22833333333333333 0.115 0.15666666666666668
5 0.40125 0.21166666666666667 0.1525 0.17333333333333334
5 0.245625 0.38166666666666665 0.12375 0.14666666666666667
1 0.065 0.5383333333333333 0.07 0.05
6 0.143125 0.7233333333333334 0.16875 0.24
1 0.385 0.6641666666666667 0.2175 0.185
1 0.58375 0.5141666666666667 0.08 0.051666666666666666
1 0.659375 0.6733333333333333 0.08625 0.12
1 0.5625 0.10416666666666667 0.0675 0.055
1 0.58375 0.24333333333333335 0.065 0.03333333333333333
1 0.728125 0.2325 0.11125 0.041666666666666664
1 0.86125 0.2275 0.0525 0.03833333333333333
4 0.581875 0.25083333333333335 0.09375 0.09833333333333333
4 0.72625 0.24416666666666667 0.135 0.105
4 0.870625 0.2275 0.08875 0.09166666666666666
