1 0.545625 0.08 0.05625 0.04666666666666667
1 0.596875 0.20666666666666667 0.19125 0.17333333333333334
1 0.581875 0.33166666666666667 0.04625 0.02666666666666667
4 0.5875 0.3333333333333333 0.1325 0.056666666666666664
1 0.794375 0.19333333333333333 0.05375 0.04666666666666667
2 0.80375 0.25083333333333335 0.0825 0.058333333333333334
1 0.153125 0.08 0.05875 0.03
1 0.19 0.1125 0.17 0.028333333333333332
1 0.296875 0.21833333333333332 0.04875 0.02666666666666667
1 0.2725 0.30583333333333335 0.14 0.045
2 0.3025 0.2325 0.2775 0.28833333333333333
1 0.53125 0.4691666666666667 0.0525 0.028333333333333332
1 0.67 0.5258333333333334 0.2125 0.058333333333333334
1 0.820625 0.6066666666666667 0.04125 0.03333333333333333
1 0.6925 0.6308333333333334 0.07 0.03166666666666667
1 0.560625 0.6441666666666667 0.05625 0.045
1 0.68375 0.4658333333333333 0.0525 0.025
4 0.69625 0.4666666666666667 0.1025 0.04666666666666667
1 0.566875 0.7533333333333333 0.04125 0.03333333333333333
1 0.703125 0.7341666666666666 0.04625 0.035
1 0.835 0.725 0.0425 0.03666666666666667
3 0.6875 0.665 0.0225 0.023333333333333334
3 0.823125 0.6483333333333333 0.02125 0.03
3 0.56 0.6816666666666666 0.02 0.02666666666666667
5 0.563125 0.66 0.09375 0.12666666666666668
5 0.694375 0.6516666666666666 0.09625 0.10666666666666667
5 0.82125 0.635 0.09 0.11666666666666667
1 0.14625 0.4875 0.0625 0.045
3 0.20625 0.6475 0.0275 0.028333333333333332
3 0.27625 0.625 0.0225 0.03
3 0.336875 0.5875 0.02375 0.021666666666666667
3 0.388125 0.5525 0.02625 0.028333333333333332
7 0.283125 0.6541666666666667 0.35875 0.335
0 0.7325 0.24833333333333332 0.485 0.41333333333333333
0 0.731875 0.6808333333333333 0.48625 0.455
0 0.25875 0.24666666666666667 0.4625 0.41333333333333333
0 0.258125 0.6791666666666667 0.46125 0.455
