1 0.243125 0.07058823529411765 0.18875 0.07450980392156863
1 0.141875 0.2911764705882353 0.05125 0.041176470588235294
1 0.26375 0.31176470588235294 0.0675 0.043137254901960784
1 0.404375 0.3509803921568627 0.06375 0.03137254901960784
1 0.40625 0.18529411764705883 0.085 0.029411764705882353
1 0.614375 0.06470588235294118 0.18875 0.058823529411764705
1 0.593125 0.2676470588235294 0.13625 0.049019607843137254
1 0.790625 0.1980392156862745 0.16625 0.1411764705882353
1 0.66 0.4715686274509804 0.215 0.06862745098039216
1 0.1975 0.4588235294117647 0.1 0.07058823529411765
5 0.125 0.5235294117647059 0.1075 0.06666666666666667
5 0.348125 0.5235294117647059 0.10875 0.058823529411764705
5 0.1975 0.6088235294117647 0.0875 0.06862745098039216
5 0.56625 0.17058823529411765 0.1025 0.10980392156862745
3 0.2175 0.7196078431372549 0.0325 0.0392156862745098
3 0.329375 0.6872549019607843 0.03875 0.045098039215686274
3 0.086875 0.6862745098039216 0.03375 0.054901960784313725
3 0.13875 0.22450980392156863 0.0425 0.060784313725490195
3 0.2625 0.24215686274509804 0.0575 0.049019607843137254
3 0.406875 0.15 0.03625 0.03725490196078431
3 0.3975 0.307843137254902 0.0375 0.0392156862745098
2 0.681875 0.6333333333333333 0.20125 0.13333333333333333
1 0.680625 0.5509803921568628 0.07875 0.03137254901960784
0 0.274375 0.22058823529411764 0.39875 0.4176470588235294
0 0.68375 0.22941176470588234 0.46 0.43137254901960786
0 0.7125 0.6637254901960784 0.5225 0.48823529411764705
0 0.235625 0.6245098039215686 0.46875 0.5
1 0.56625 0.18823529411764706 0.0825 0.050980392156862744
1 0.340625 0.5245098039215687 0.06125 0.045098039215686274
1 0.194375 0.6078431372549019 0.06875 0.0392156862745098
1 0.125 0.5147058823529411 0.0675 0.049019607843137254
