1 0.140625 0.07705779334500876 0.09375 0.05253940455341506
5 0.1775 0.2171628721541156 0.14 0.18213660245183888
5 0.369375 0.2136602451838879 0.15125 0.19264448336252188
5 0.27375 0.3922942206654991 0.1525 0.1786339754816112
1 0.563125 0.08143607705779335 0.06375 0.047285464098073555
4 0.585625 0.23555166374781086 0.12625 0.15236427320490367
4 0.739375 0.22329246935201402 0.11125 0.15236427320490367
4 0.876875 0.22154115586690018 0.10625 0.15586690017513136
6 0.18125 0.7443082311733801 0.1875 0.2626970227670753
1 0.12625 0.5402802101576182 0.0775 0.05779334500875657
1 0.57125 0.5437828371278459 0.07 0.043782837127845885
1 0.395625 0.6514886164623468 0.19875 0.06654991243432574
2 0.3575 0.23992994746059546 0.05 0.0595446584938704
2 0.170625 0.24168126094570927 0.04625 0.07005253940455342
1 0.175625 0.18126094570928197 0.09875 0.040280210157618214
1 0.37125 0.18826619964973731 0.1175 0.040280210157618214
1 0.273125 0.36339754816112085 0.11125 0.043782837127845885
2 0.258125 0.4238178633975482 0.04875 0.0595446584938704
1 0.57625 0.2434325744308231 0.075 0.04203152364273205
1 0.740625 0.23117338003502627 0.08625 0.05604203152364273
1 0.623125 0.7057793345008757 0.07375 0.10507880910683012
0 0.73625 0.723292469352014 0.4525 0.51138353765324
0 0.29375 0.2583187390542907 0.4575 0.4711033274956217
0 0.281875 0.7267950963222417 0.48375 0.5078809106830122
0 0.71875 0.2574430823117338 0.4325 0.46234676007005254
1 0.391875 0.7189141856392294 0.19625 0.06129597197898424
1 0.36375 0.7968476357267951 0.1325 0.06304728546409807
1 0.86625 0.22154115586690018 0.0525 0.03677758318739054
