1 0.62875 0.7375 0.0575 0.028333333333333332
1 0.5425 0.54 0.05 0.023333333333333334
7 0.17625 0.7308333333333333 0.2025 0.27166666666666667
1 0.378125 0.61 0.18375 0.02666666666666667
1 0.065625 0.5383333333333333 0.05875 0.03333333333333333
5 0.410625 0.21416666666666667 0.12875 0.16166666666666665
5 0.258125 0.19916666666666666 0.12875 0.15166666666666667
1 0.41125 0.31666666666666665 0.0975 0.03
1 0.25125 0.30083333333333334 0.0575 0.035
1 0.070625 0.30416666666666664 0.05875 0.03166666666666667
5 0.09375 0.19833333333333333 0.1225 0.14333333333333334
1 0.075625 0.058333333333333334 0.07625 0.03333333333333333
1 0.558125 0.059166666666666666 0.05875 0.028333333333333332
1 0.740625 0.14416666666666667 0.06875 0.028333333333333332
1 0.77 0.285 0.13 0.02
1 0.74375 0.4225 0.0975 0.021666666666666667
1 0.623125 0.42833333333333334 0.04625 0.023333333333333334
1 0.643125 0.2891666666666667 0.08875 0.021666666666666667
1 0.628125 0.13916666666666666 0.05125 0.025
3 0.585625 0.14 0.02125 0.03
3 0.59 0.2916666666666667 0.0175 0.03333333333333333
3 0.591875 0.4241666666666667 0.02375 0.035
4 0.629375 0.4275 0.11875 0.12166666666666667
4 0.630625 0.2891666666666667 0.11625 0.11833333333333333
4 0.6225 0.14083333333333334 0.115 0.13166666666666665
0 0.749375 0.25 0.49875 0.5
0 0.75125 0.735 0.4975 0.5133333333333333
0 0.253125 0.7325 0.50625 0.5216666666666666
0 0.253125 0.245 0.50625 0.49
1 0.395625 0.6558333333333334 0.16875 0.028333333333333332
1 0.375625 0.7091666666666666 0.08125 0.021666666666666667
