0 0.263125 0.24041811846689895 0.52625 0.4808362369337979
1 0.25125 0.03832752613240418 0.16 0.05574912891986063
3 0.420625 0.10365853658536585 0.03125 0.04355400696864112
1 0.436875 0.15331010452961671 0.08625 0.0313588850174216
3 0.421875 0.23867595818815332 0.02875 0.041811846689895474
1 0.435625 0.2883275261324042 0.06125 0.036585365853658534
3 0.246875 0.22386759581881532 0.04375 0.05749128919860627
1 0.251875 0.2778745644599303 0.06625 0.04355400696864112
3 0.123125 0.2221254355400697 0.03875 0.04355400696864112
1 0.119375 0.27177700348432055 0.04625 0.03484320557491289
0 0.75625 0.23170731707317074 0.4875 0.4634146341463415
1 0.7625 0.036585365853658534 0.175 0.05574912891986063
1 0.829375 0.13588850174216027 0.14875 0.04878048780487805
1 0.84125 0.19337979094076654 0.18 0.03484320557491289
1 0.82625 0.25 0.1525 0.029616724738675958
3 0.619375 0.13501742160278746 0.02625 0.036585365853658534
1 0.621875 0.19250871080139373 0.06625 0.04006968641114982
5 0.6275 0.1759581881533101 0.12 0.15331010452961671
1 0.626875 0.29006968641114983 0.13875 0.036585365853658534
0 0.755 0.7177700348432056 0.49 0.5644599303135889
1 0.773125 0.5357142857142857 0.15625 0.05400696864111498
1 0.756875 0.6132404181184669 0.08625 0.041811846689895474
2 0.765625 0.7203832752613241 0.19375 0.1794425087108014
0 0.264375 0.7142857142857143 0.52875 0.5644599303135889
1 0.245 0.5174216027874564 0.0675 0.04529616724738676
1 0.331875 0.6184668989547039 0.05125 0.027874564459930314
5 0.33375 0.6158536585365854 0.0825 0.06097560975609756
1 0.16875 0.6289198606271778 0.0575 0.027874564459930314
5 0.17125 0.6236933797909407 0.095 0.06620209059233449
1 0.2525 0.7081881533101045 0.0575 0.04006968641114982
5 0.255625 0.7047038327526133 0.07875 0.06445993031358885
3 0.375625 0.8066202090592335 0.02125 0.0313588850174216
3 0.27625 0.8388501742160279 0.025 0.033101045296167246
3 0.148125 0.8397212543554007 0.02875 0.041811846689895474
