1 0.5325 0.5233333333333333 0.0925 0.043333333333333335
1 0.61375 0.6291666666666667 0.1175 0.028333333333333332
1 0.11875 0.5325 0.09 0.028333333333333332
8 0.145 0.6341666666666667 0.15 0.135
1 0.341875 0.5883333333333334 0.21375 0.043333333333333335
1 0.109375 0.38083333333333336 0.05375 0.025
1 0.36625 0.3641666666666667 0.0875 0.025
1 0.2275 0.3725 0.0625 0.028333333333333332
1 0.525625 0.36583333333333334 0.09375 0.03166666666666667
1 0.67125 0.36583333333333334 0.09 0.041666666666666664
1 0.80625 0.3641666666666667 0.0625 0.025
3 0.500625 0.28 0.02625 0.03333333333333333
3 0.639375 0.2866666666666667 0.01875 0.043333333333333335
3 0.778125 0.2941666666666667 0.01875 0.03833333333333333
4 0.81625 0.28833333333333333 0.12 0.10333333333333333
4 0.673125 0.285 0.11125 0.10333333333333333
4 0.52875 0.2825 0.115 0.095
1 0.510625 0.165 0.07875 0.03333333333333333
1 0.14375 0.17083333333333334 0.1025 0.035
1 0.371875 0.2783333333333333 0.10625 0.023333333333333334
1 0.244375 0.2966666666666667 0.08875 0.023333333333333334
1 0.1225 0.2975 0.09 0.021666666666666667
5 0.125 0.2966666666666667 0.1025 0.11333333333333333
5 0.248125 0.2966666666666667 0.11125 0.12666666666666668
5 0.370625 0.2808333333333333 0.10875 0.12166666666666667
0 0.669375 0.6925 0.40125 0.4116666666666667
0 0.283125 0.6916666666666667 0.43125 0.4166666666666667
0 0.664375 0.32666666666666666 0.42625 0.36
0 0.2725 0.3225 0.4025 0.34833333333333333
1 0.35 0.6233333333333333 0.235 0.03333333333333333
1 0.345625 0.67 0.18375 0.03
