1 0.37875 0.6833958724202627 0.19 0.03095684803001876
7 0.17125 0.7439024390243902 0.15 0.10131332082551595
1 0.63625 0.7227954971857411 0.0625 0.027204502814258912
1 0.560625 0.6378986866791745 0.06375 0.01876172607879925
1 0.11375 0.6533771106941839 0.06 0.019699812382739212
1 0.124375 0.42213883677298314 0.08125 0.020637898686679174
1 0.540625 0.4226078799249531 0.05375 0.02345215759849906
1 0.615625 0.46810506566604126 0.04125 0.020637898686679174
1 0.708125 0.4652908067542214 0.08625 0.028142589118198873
1 0.61875 0.525328330206379 0.0525 0.016885553470919325
1 0.726875 0.5225140712945591 0.12125 0.028142589118198873
1 0.7425 0.574108818011257 0.11 0.0225140712945591
1 0.625625 0.5783302063789869 0.03875 0.014071294559099437
3 0.581875 0.4643527204502814 0.01625 0.016885553470919325
3 0.58375 0.5215759849906192 0.02 0.016885553470919325
3 0.588125 0.5773921200750469 0.01875 0.01594746716697936
4 0.60625 0.46575984990619135 0.0725 0.04784240150093809
4 0.608125 0.524390243902439 0.07375 0.04690431519699812
4 0.61375 0.5802063789868668 0.0775 0.04784240150093809
5 0.13875 0.5173545966228893 0.115 0.07410881801125703
5 0.26125 0.525797373358349 0.1 0.07223264540337711
5 0.385625 0.526735459662289 0.10875 0.07786116322701689
1 0.393125 0.5834896810506567 0.09125 0.024390243902439025
1 0.261875 0.5811444652908068 0.05625 0.017823639774859287
1 0.1325 0.5792682926829268 0.0525 0.02345215759849906
0 0.264375 0.5107879924953096 0.43625 0.23358348968105067
0 0.69125 0.5051594746716698 0.4325 0.22420262664165103
0 0.26875 0.7307692307692307 0.445 0.23452157598499063
0 0.695 0.7303001876172608 0.4325 0.23921200750469043
1 0.386875 0.7138836772983115 0.16625 0.028142589118198873
1 0.390625 0.7575046904315197 0.11625 0.03470919324577861
