1 0.618125 0.48 0.09625 0.06222222222222222
1 0.7375 0.46555555555555556 0.0825 0.06
1 0.866875 0.4477777777777778 0.06375 0.042222222222222223
3 0.83625 0.2922222222222222 0.015 0.03333333333333333
3 0.715625 0.3011111111111111 0.01875 0.028888888888888888
3 0.5825 0.30666666666666664 0.02 0.02666666666666667
4 0.6225 0.32555555555555554 0.11 0.22444444444444445
4 0.74625 0.3088888888888889 0.1075 0.2088888888888889
4 0.880625 0.30666666666666664 0.11625 0.21777777777777776
1 0.580625 0.05 0.07625 0.042222222222222223
1 0.59375 0.5677777777777778 0.075 0.04666666666666667
1 0.6575 0.7544444444444445 0.11 0.04666666666666667
1 0.40625 0.7377777777777778 0.1425 0.04
1 0.429375 0.6811111111111111 0.19875 0.03777777777777778
1 0.43125 0.6411111111111111 0.1925 0.07333333333333333
8 0.241875 0.7311111111111112 0.16875 0.27555555555555555
1 0.191875 0.5477777777777778 0.07875 0.03777777777777778
1 0.183125 0.4255555555555556 0.06375 0.06444444444444444
1 0.336875 0.4222222222222222 0.06875 0.04
1 0.476875 0.4488888888888889 0.09625 0.044444444444444446
1 0.486875 0.30333333333333334 0.09625 0.08222222222222222
1 0.3525 0.2544444444444444 0.1 0.042222222222222223
1 0.21375 0.22111111111111112 0.105 0.06
5 0.213125 0.26555555555555554 0.14125 0.21555555555555556
5 0.35125 0.29 0.1175 0.20666666666666667
5 0.48125 0.32 0.12 0.2222222222222222
1 0.211875 0.044444444444444446 0.10125 0.044444444444444446
0 0.736875 0.2833333333333333 0.43125 0.5666666666666667
0 0.334375 0.27111111111111114 0.42125 0.5422222222222223
0 0.334375 0.7555555555555555 0.43125 0.4888888888888889
0 0.74375 0.7666666666666667 0.4075 0.4666666666666667
