1 0.47625 0.08888888888888889 0.06 0.06222222222222222
1 0.123125 0.3977777777777778 0.06375 0.05333333333333334
1 0.105625 0.10444444444444445 0.07625 0.04888888888888889
1 0.2525 0.38 0.0725 0.05333333333333334
1 0.371875 0.38333333333333336 0.08125 0.04666666666666667
1 0.486875 0.3933333333333333 0.08875 0.05333333333333334
1 0.61 0.3788888888888889 0.075 0.051111111111111114
1 0.714375 0.3788888888888889 0.05375 0.051111111111111114
1 0.136875 0.21777777777777776 0.07125 0.035555555555555556
1 0.25375 0.22555555555555556 0.0775 0.042222222222222223
1 0.375625 0.23333333333333334 0.09625 0.044444444444444446
1 0.489375 0.25 0.05125 0.04666666666666667
1 0.615 0.23555555555555555 0.0875 0.04
1 0.73625 0.23222222222222222 0.0575 0.04666666666666667
1 0.104375 0.6044444444444445 0.06875 0.044444444444444446
1 0.34375 0.6188888888888889 0.155 0.051111111111111114
1 0.3475 0.6922222222222222 0.1425 0.06444444444444444
1 0.361875 0.7811111111111111 0.07375 0.06444444444444444
1 0.481875 0.57 0.07125 0.051111111111111114
1 0.573125 0.7922222222222223 0.06875 0.04666666666666667
3 0.13375 0.27 0.0225 0.04666666666666667
3 0.25375 0.29333333333333333 0.03 0.06222222222222222
3 0.369375 0.3 0.03125 0.08
7 0.48625 0.31333333333333335 0.035 0.057777777777777775
7 0.603125 0.29444444444444445 0.04625 0.051111111111111114
7 0.725 0.30666666666666664 0.05 0.057777777777777775
5 0.138125 0.2644444444444444 0.09625 0.17777777777777778
5 0.26 0.26555555555555554 0.1075 0.1711111111111111
5 0.375 0.2688888888888889 0.1025 0.17333333333333334
4 0.496875 0.2777777777777778 0.10375 0.15555555555555556
4 0.619375 0.26555555555555554 0.11625 0.14888888888888888
4 0.75125 0.2644444444444444 0.12 0.16444444444444445
7 0.17625 0.7911111111111111 0.1625 0.28888888888888886
7 0.588125 0.7977777777777778 0.14875 0.24888888888888888
0 0.63875 0.7555555555555555 0.4025 0.48
0 0.24 0.76 0.38 0.43555555555555553
0 0.24375 0.28 0.3775 0.43555555555555553
0 0.63125 0.2866666666666667 0.3925 0.47555555555555556
