1 0.5975 0.5044444444444445 0.1025 0.05333333333333334
1 0.591875 0.5822222222222222 0.04875 0.02666666666666667
2 0.59375 0.6666666666666666 0.105 0.1511111111111111
1 0.240625 0.49444444444444446 0.05875 0.042222222222222223
1 0.230625 0.6733333333333333 0.04625 0.05333333333333334
1 0.309375 0.5666666666666667 0.04125 0.02666666666666667
1 0.1475 0.5788888888888889 0.04 0.03333333333333333
5 0.15375 0.58 0.07 0.06666666666666667
5 0.236875 0.6755555555555556 0.08125 0.10222222222222223
3 0.32625 0.75 0.0225 0.04666666666666667
3 0.23625 0.8222222222222222 0.02 0.04
3 0.128125 0.7811111111111111 0.02875 0.05555555555555555
5 0.3125 0.5711111111111111 0.0575 0.057777777777777775
3 0.35 0.11555555555555555 0.0325 0.04888888888888889
3 0.35125 0.30444444444444446 0.0375 0.044444444444444446
1 0.351875 0.35444444444444445 0.04625 0.03333333333333333
3 0.22625 0.23444444444444446 0.03 0.04666666666666667
3 0.12 0.2588888888888889 0.025 0.06
3 0.510625 0.16555555555555557 0.02625 0.051111111111111114
1 0.501875 0.22444444444444445 0.04625 0.04888888888888889
1 0.511875 0.32222222222222224 0.11625 0.035555555555555556
1 0.530625 0.07666666666666666 0.14375 0.051111111111111114
1 0.67 0.14444444444444443 0.11 0.04888888888888889
1 0.680625 0.22555555555555556 0.13125 0.042222222222222223
1 0.668125 0.3088888888888889 0.11625 0.035555555555555556
0 0.269375 0.25 0.34625 0.42
0 0.261875 0.7077777777777777 0.35875 0.4955555555555556
1 0.205625 0.08888888888888889 0.11125 0.06222222222222222
1 0.124375 0.31 0.04375 0.03777777777777778
1 0.218125 0.2866666666666667 0.05125 0.05333333333333334
0 0.63 0.7055555555555556 0.3775 0.4822222222222222
0 0.6275 0.25 0.365 0.4288888888888889
1 0.360625 0.15777777777777777 0.06875 0.04
5 0.515625 0.20555555555555555 0.09875 0.1622222222222222
