1 0.5575 0.05834683954619125 0.055 0.029173419773095625
1 0.84625 0.31118314424635335 0.045 0.02593192868719611
1 0.723125 0.3038897893030794 0.07875 0.03403565640194489
1 0.58625 0.29821717990275526 0.0825 0.03241491085899514
3 0.84125 0.2366288492706645 0.0175 0.02593192868719611
3 0.709375 0.22771474878444084 0.02125 0.024311183144246355
3 0.57 0.2098865478119935 0.025 0.027552674230145867
4 0.86625 0.24473257698541329 0.0925 0.10372771474878444
4 0.738125 0.23176661264181522 0.10375 0.10372771474878444
4 0.595625 0.22285251215559157 0.10875 0.1053484602917342
1 0.4125 0.20016207455429497 0.1425 0.04376012965964344
1 0.27625 0.18557536466774716 0.1 0.024311183144246355
1 0.146875 0.18314424635332252 0.10625 0.029173419773095625
1 0.09625 0.03565640194489465 0.085 0.02593192868719611
1 0.4 0.2852512155591572 0.085 0.022690437601296597
1 0.260625 0.2893030794165316 0.05375 0.02106969205834684
1 0.129375 0.2901134521880065 0.05125 0.03241491085899514
5 0.414375 0.19611021069692058 0.15875 0.10048622366288493
5 0.273125 0.19448946515397084 0.11625 0.1166936790923825
5 0.145 0.1952998379254457 0.13 0.11831442463533225
1 0.543125 0.5307941653160454 0.05875 0.024311183144246355
1 0.634375 0.6628849270664505 0.08625 0.02593192868719611
1 0.37 0.6126418152350082 0.18 0.03241491085899514
1 0.394375 0.6450567260940032 0.14625 0.02593192868719611
1 0.404375 0.6815235008103727 0.11125 0.02106969205834684
1 0.073125 0.5283630470016207 0.06625 0.02593192868719611
8 0.209375 0.6985413290113452 0.20375 0.19773095623987033
0 0.738125 0.7423014586709886 0.49375 0.49270664505672607
0 0.263125 0.7382495948136143 0.48375 0.5008103727714749
0 0.74125 0.273095623987034 0.4875 0.49108589951377635
0 0.269375 0.26418152350081037 0.49375 0.4862236628849271
