0 0.7275 0.255 0.495 0.4533333333333333
0 0.25125 0.265 0.5025 0.4766666666666667
0 0.726875 0.7166666666666667 0.49625 0.5133333333333333
0 0.248125 0.72 0.49625 0.51
1 0.07625 0.0675 0.0925 0.03833333333333333
5 0.08625 0.24416666666666667 0.1 0.135
5 0.214375 0.24333333333333335 0.10625 0.13
5 0.34625 0.2475 0.1 0.125
1 0.06625 0.3525 0.0525 0.04833333333333333
1 0.210625 0.355 0.06125 0.03
1 0.364375 0.3475 0.10125 0.035
1 0.050625 0.5208333333333334 0.06375 0.041666666666666664
7 0.108125 0.7233333333333334 0.14375 0.23666666666666666
1 0.3725 0.5683333333333334 0.1875 0.03666666666666667
1 0.38625 0.6366666666666667 0.1825 0.03666666666666667
1 0.3725 0.7175 0.0825 0.03833333333333333
1 0.631875 0.6966666666666667 0.06875 0.02666666666666667
1 0.5475 0.5066666666666667 0.06 0.03
3 0.633125 0.4033333333333333 0.03125 0.043333333333333335
1 0.68 0.39666666666666667 0.0475 0.03
4 0.67375 0.3958333333333333 0.1375 0.09166666666666666
3 0.6275 0.25416666666666665 0.03 0.04833333333333333
1 0.686875 0.24666666666666667 0.09125 0.02666666666666667
4 0.6675 0.2475 0.1375 0.085
1 0.53125 0.07 0.0525 0.03333333333333333
3 0.620625 0.12916666666666668 0.03375 0.051666666666666666
1 0.67125 0.13 0.0575 0.03666666666666667
4 0.65875 0.13083333333333333 0.1325 0.08166666666666667
1 0.8075 0.12083333333333333 0.0725 0.035
1 0.84375 0.24083333333333334 0.125 0.03833333333333333
1 0.841875 0.39 0.10375 0.043333333333333335
