1 0.139375 0.09416666666666666 0.08625 0.03166666666666667
1 0.125625 0.3233333333333333 0.05375 0.05333333333333334
1 0.260625 0.31 0.07375 0.03666666666666667
1 0.405 0.31333333333333335 0.105 0.03666666666666667
1 0.125625 0.20833333333333334 0.07875 0.03333333333333333
1 0.265625 0.20666666666666667 0.08375 0.02666666666666667
1 0.3975 0.2075 0.115 0.035
1 0.115625 0.51 0.07625 0.03666666666666667
1 0.335625 0.5608333333333333 0.17125 0.045
8 0.174375 0.685 0.20875 0.26666666666666666
1 0.6075 0.6158333333333333 0.0925 0.04833333333333333
1 0.565625 0.48 0.08125 0.03333333333333333
1 0.54875 0.07583333333333334 0.0725 0.035
1 0.5625 0.3 0.085 0.04
1 0.7025 0.2833333333333333 0.0725 0.04666666666666667
1 0.825 0.2708333333333333 0.045 0.028333333333333332
3 0.54 0.195 0.025 0.03666666666666667
3 0.6725 0.1775 0.0275 0.035
3 0.79875 0.17416666666666666 0.0275 0.035
4 0.570625 0.2025 0.10375 0.115
4 0.701875 0.1925 0.10125 0.10833333333333334
4 0.829375 0.1875 0.09875 0.105
5 0.1325 0.2275 0.12 0.125
5 0.27 0.22666666666666666 0.11 0.12
5 0.395625 0.22083333333333333 0.12625 0.12833333333333333
0 0.244375 0.25 0.48875 0.4866666666666667
0 0.249375 0.705 0.49875 0.5033333333333333
0 0.743125 0.6908333333333333 0.51375 0.535
0 0.73 0.23166666666666666 0.515 0.4533333333333333
1 0.350625 0.615 0.15875 0.03666666666666667
1 0.358125 0.6791666666666667 0.15375 0.03833333333333333
