0 0.22875 0.7183333333333334 0.4425 0.56
0 0.68875 0.725 0.5025 0.5466666666666666
0 0.693125 0.2708333333333333 0.49125 0.45166666666666666
0 0.235625 0.255 0.45125 0.42333333333333334
1 0.0975 0.0725 0.105 0.03833333333333333
5 0.11625 0.2275 0.09 0.13166666666666665
1 0.101875 0.32916666666666666 0.08125 0.04833333333333333
1 0.22875 0.33416666666666667 0.08 0.03166666666666667
5 0.246875 0.24 0.10125 0.15
5 0.38 0.24416666666666667 0.1075 0.14833333333333334
1 0.378125 0.3433333333333333 0.11125 0.03333333333333333
1 0.51 0.07416666666666667 0.085 0.041666666666666664
3 0.653125 0.10166666666666667 0.02875 0.04
1 0.696875 0.11 0.05875 0.03333333333333333
3 0.655625 0.20166666666666666 0.02375 0.03333333333333333
1 0.695625 0.22916666666666666 0.09625 0.021666666666666667
4 0.684375 0.1025 0.10875 0.095
4 0.69125 0.22166666666666668 0.1175 0.11
4 0.699375 0.375 0.11875 0.11
3 0.669375 0.3525 0.02875 0.041666666666666664
1 0.696875 0.3958333333333333 0.09875 0.028333333333333332
1 0.798125 0.11 0.10375 0.05
1 0.833125 0.22916666666666666 0.15875 0.03166666666666667
1 0.855 0.3875 0.15 0.041666666666666664
1 0.501875 0.48583333333333334 0.07875 0.03166666666666667
1 0.654375 0.6941666666666667 0.11125 0.055
1 0.060625 0.4725 0.08875 0.03166666666666667
1 0.355625 0.555 0.18625 0.056666666666666664
1 0.350625 0.5966666666666667 0.16875 0.02666666666666667
1 0.370625 0.6466666666666666 0.10375 0.03666666666666667
7 0.164375 0.7391666666666666 0.24625 0.29833333333333334
