1 0.75625 0.105 0.0975 0.04666666666666667
1 0.426875 0.5916666666666667 0.13625 0.03
1 0.145 0.32666666666666666 0.0475 0.04
1 0.76375 0.23916666666666667 0.12 0.03833333333333333
1 0.769375 0.3908333333333333 0.10375 0.03166666666666667
1 0.54875 0.505 0.0575 0.03333333333333333
1 0.678125 0.6425 0.07875 0.041666666666666664
1 0.431875 0.6291666666666667 0.13125 0.03833333333333333
1 0.43125 0.6758333333333333 0.0725 0.03833333333333333
7 0.245 0.665 0.1825 0.16
1 0.09625 0.5491666666666667 0.07 0.041666666666666664
1 0.279375 0.3125 0.05375 0.03166666666666667
1 0.42625 0.30666666666666664 0.07 0.03
1 0.634375 0.38666666666666666 0.04125 0.02666666666666667
1 0.641875 0.2525 0.07375 0.025
1 0.635 0.12333333333333334 0.045 0.023333333333333334
4 0.62625 0.12333333333333334 0.08 0.08666666666666667
4 0.636875 0.25583333333333336 0.10625 0.09833333333333333
4 0.641875 0.39416666666666667 0.11125 0.08833333333333333
3 0.600625 0.3975 0.01875 0.028333333333333332
3 0.5975 0.25166666666666665 0.02 0.023333333333333334
3 0.599375 0.12416666666666666 0.02125 0.025
5 0.41375 0.2275 0.085 0.115
5 0.275 0.23083333333333333 0.0775 0.125
5 0.1475 0.23916666666666667 0.0825 0.12833333333333333
1 0.095625 0.058333333333333334 0.07625 0.03666666666666667
0 0.27375 0.2683333333333333 0.4725 0.49
0 0.73 0.24916666666666668 0.44 0.46166666666666667
0 0.731875 0.7116666666666667 0.43875 0.49333333333333335
0 0.2825 0.7116666666666667 0.485 0.49
