1 0.684375 0.7069565217391305 0.14875 0.07478260869565218
1 0.54625 0.5417391304347826 0.0825 0.05391304347826087
1 0.914375 0.31217391304347825 0.05875 0.05391304347826087
1 0.73875 0.31130434782608696 0.085 0.06956521739130435
1 0.56125 0.3347826086956522 0.1125 0.06782608695652174
1 0.92875 0.16695652173913045 0.05 0.04521739130434783
1 0.7675 0.17565217391304347 0.09 0.05217391304347826
1 0.583125 0.19043478260869565 0.07375 0.050434782608695654
1 0.546875 0.04 0.06625 0.04173913043478261
1 0.378125 0.15217391304347827 0.09375 0.07130434782608695
1 0.38625 0.3191304347826087 0.115 0.04695652173913043
1 0.230625 0.3347826086956522 0.07125 0.04695652173913043
1 0.070625 0.3626086956521739 0.07875 0.07478260869565218
1 0.079375 0.16608695652173913 0.06625 0.06086956521739131
1 0.23375 0.1391304347826087 0.0775 0.034782608695652174
1 0.07125 0.04608695652173913 0.1025 0.05391304347826087
1 0.066875 0.5756521739130435 0.10125 0.04869565217391304
1 0.37625 0.5904347826086956 0.1825 0.06434782608695652
1 0.37375 0.6504347826086957 0.1675 0.05565217391304348
1 0.375625 0.7165217391304348 0.16125 0.05565217391304348
8 0.1425 0.7878260869565218 0.205 0.2643478260869565
2 0.076875 0.23217391304347826 0.06125 0.050434782608695654
2 0.23125 0.20434782608695654 0.055 0.050434782608695654
2 0.376875 0.20782608695652174 0.05625 0.043478260869565216
5 0.08625 0.20173913043478262 0.1425 0.18434782608695652
5 0.234375 0.18869565217391304 0.11125 0.1791304347826087
5 0.375625 0.18608695652173912 0.12125 0.17391304347826086
3 0.52375 0.19130434782608696 0.02 0.03826086956521739
3 0.70625 0.17652173913043478 0.0225 0.043478260869565216
3 0.885625 0.17304347826086958 0.02375 0.043478260869565216
4 0.914375 0.1817391304347826 0.10375 0.1617391304347826
4 0.753125 0.1808695652173913 0.12625 0.1426086956521739
4 0.57875 0.18782608695652173 0.1525 0.15304347826086956
0 0.73375 0.7321739130434782 0.5325 0.5356521739130434
0 0.73625 0.25130434782608696 0.5275 0.5026086956521739
0 0.241875 0.2678260869565217 0.48375 0.5356521739130434
0 0.2425 0.7495652173913043 0.485 0.5008695652173913
