1 0.62875 0.09083333333333334 0.075 0.051666666666666666
1 0.924375 0.31083333333333335 0.06375 0.045
1 0.788125 0.33666666666666667 0.09375 0.07666666666666666
1 0.64375 0.36916666666666664 0.11 0.08166666666666667
1 0.16875 0.06333333333333334 0.1375 0.04666666666666667
1 0.17375 0.18083333333333335 0.14 0.065
1 0.504375 0.20666666666666667 0.10125 0.11666666666666667
1 0.348125 0.16916666666666666 0.12875 0.041666666666666664
1 0.506875 0.35083333333333333 0.09875 0.045
1 0.330625 0.365 0.08625 0.043333333333333335
1 0.16125 0.3858333333333333 0.085 0.06833333333333333
3 0.888125 0.21666666666666667 0.02875 0.03
3 0.744375 0.2325 0.02875 0.041666666666666664
3 0.6125 0.25083333333333335 0.03 0.045
4 0.911875 0.2 0.10125 0.12666666666666668
4 0.7775 0.225 0.1075 0.13333333333333333
4 0.643125 0.23333333333333334 0.09625 0.14333333333333334
5 0.4975 0.22083333333333333 0.1225 0.19166666666666668
5 0.350625 0.21083333333333334 0.15125 0.195
5 0.1675 0.21083333333333334 0.1775 0.215
1 0.64 0.5233333333333333 0.11 0.05
1 0.7175 0.6741666666666667 0.1075 0.058333333333333334
1 0.43625 0.6091666666666666 0.2325 0.07833333333333334
1 0.459375 0.6783333333333333 0.18625 0.05
1 0.45875 0.7591666666666667 0.1375 0.04833333333333333
1 0.155625 0.565 0.11125 0.06
8 0.24625 0.8008333333333333 0.2625 0.31166666666666665
0 0.77875 0.23916666666666667 0.4425 0.475
0 0.315625 0.25666666666666665 0.51125 0.5066666666666667
0 0.3075 0.73 0.525 0.53
0 0.7775 0.7241666666666666 0.445 0.5383333333333333
