1 0.14875 0.11166666666666666 0.16 0.07666666666666666
1 0.225625 0.24083333333333334 0.05625 0.021666666666666667
1 0.168125 0.2975 0.12875 0.03166666666666667
2 0.17375 0.2575 0.2025 0.185
0 0.2675 0.255 0.4625 0.43
1 0.53375 0.085 0.065 0.03666666666666667
1 0.569375 0.20416666666666666 0.14125 0.14166666666666666
1 0.690625 0.2 0.03375 0.023333333333333334
1 0.52875 0.31 0.0375 0.02
4 0.54125 0.3125 0.0825 0.051666666666666666
2 0.69125 0.245 0.055 0.06
4 0.704375 0.245 0.11625 0.17
0 0.720625 0.25166666666666665 0.45625 0.4166666666666667
1 0.53625 0.4975 0.0575 0.025
1 0.653125 0.5475 0.05125 0.018333333333333333
1 0.620625 0.6075 0.19125 0.03166666666666667
4 0.66625 0.5525 0.1175 0.058333333333333334
1 0.55 0.67 0.0425 0.023333333333333334
3 0.54375 0.6933333333333334 0.03 0.03
5 0.551875 0.6816666666666666 0.07375 0.08333333333333333
1 0.661875 0.6575 0.07125 0.021666666666666667
3 0.658125 0.695 0.04625 0.03666666666666667
5 0.66 0.6783333333333333 0.1075 0.10666666666666667
1 0.79875 0.6616666666666666 0.045 0.02666666666666667
3 0.795 0.7075 0.0425 0.051666666666666666
5 0.80125 0.68 0.0925 0.13666666666666666
1 0.539375 0.7683333333333333 0.03625 0.03666666666666667
1 0.664375 0.77 0.04375 0.04
1 0.791875 0.7858333333333334 0.03625 0.03833333333333333
0 0.733125 0.6741666666666667 0.47625 0.4483333333333333
1 0.104375 0.5025 0.05875 0.028333333333333332
3 0.236875 0.49416666666666664 0.03375 0.055
3 0.18625 0.5491666666666667 0.0425 0.058333333333333334
3 0.13625 0.6125 0.0325 0.051666666666666666
3 0.093125 0.665 0.02875 0.043333333333333335
7 0.221875 0.6408333333333334 0.31125 0.3516666666666667
0 0.265 0.6891666666666667 0.485 0.4683333333333333
