4 0.565625 0.13833333333333334 0.11375 0.1
4 0.575625 0.2658333333333333 0.12125 0.11166666666666666
4 0.59 0.38 0.1175 0.1
3 0.526875 0.1375 0.01625 0.025
3 0.53125 0.28 0.015 0.02
3 0.545625 0.3925 0.01625 0.021666666666666667
5 0.384375 0.24083333333333334 0.11125 0.14166666666666666
5 0.238125 0.25083333333333335 0.11625 0.155
5 0.093125 0.2683333333333333 0.10875 0.15666666666666668
7 0.19375 0.7491666666666666 0.2975 0.305
1 0.393125 0.5941666666666666 0.17375 0.055
1 0.7325 0.11416666666666667 0.0875 0.045
1 0.738125 0.24 0.15375 0.05
1 0.76125 0.36083333333333334 0.13 0.03833333333333333
1 0.078125 0.41583333333333333 0.06625 0.058333333333333334
1 0.225625 0.3883333333333333 0.07875 0.05333333333333334
1 0.385625 0.36666666666666664 0.11375 0.05333333333333334
1 0.070625 0.055 0.08875 0.043333333333333335
1 0.509375 0.049166666666666664 0.05625 0.041666666666666664
1 0.565 0.5083333333333333 0.0625 0.03666666666666667
1 0.079375 0.5433333333333333 0.08625 0.03666666666666667
0 0.73375 0.7241666666666666 0.47 0.5516666666666666
1 0.411875 0.6708333333333333 0.16625 0.058333333333333334
1 0.41625 0.7633333333333333 0.115 0.05333333333333334
1 0.63 0.6875 0.0875 0.041666666666666664
1 0.58625 0.3858333333333333 0.0475 0.028333333333333332
1 0.5825 0.2683333333333333 0.0875 0.03666666666666667
1 0.570625 0.13333333333333333 0.06125 0.05
0 0.716875 0.23166666666666666 0.50625 0.4633333333333333
0 0.26 0.73 0.52 0.54
0 0.25 0.2608333333333333 0.5 0.5083333333333333
