3 0.10125 0.19166666666666668 0.025 0.02666666666666667
3 0.261875 0.1875 0.01875 0.021666666666666667
3 0.425625 0.19583333333333333 0.02625 0.028333333333333332
1 0.09875 0.14166666666666666 0.065 0.02
1 0.255 0.14583333333333334 0.0625 0.018333333333333333
1 0.415625 0.14666666666666667 0.07625 0.02666666666666667
5 0.42125 0.17833333333333334 0.1 0.14
1 0.4125 0.25583333333333336 0.07 0.021666666666666667
1 0.2575 0.27 0.055 0.023333333333333334
1 0.1075 0.25666666666666665 0.0575 0.03
5 0.26125 0.18416666666666667 0.0925 0.14166666666666666
5 0.114375 0.17416666666666666 0.10875 0.145
1 0.068125 0.0325 0.08375 0.025
1 0.54 0.034166666666666665 0.045 0.025
1 0.58125 0.1425 0.05 0.028333333333333332
1 0.733125 0.12333333333333334 0.08375 0.02
2 0.586875 0.17833333333333334 0.03625 0.05
2 0.735625 0.18583333333333332 0.04875 0.051666666666666666
2 0.86875 0.17083333333333334 0.0475 0.06166666666666667
4 0.741875 0.16916666666666666 0.11875 0.135
4 0.875625 0.15916666666666668 0.10375 0.135
4 0.590625 0.17666666666666667 0.09375 0.12333333333333334
1 0.57625 0.2825 0.0775 0.03166666666666667
1 0.728125 0.2675 0.06625 0.035
1 0.87 0.25 0.04 0.023333333333333334
1 0.553125 0.5083333333333333 0.05375 0.02
1 0.67 0.6791666666666667 0.0675 0.021666666666666667
1 0.414375 0.615 0.06125 0.04
1 0.42875 0.5525 0.13 0.025
1 0.439375 0.5058333333333334 0.11625 0.03166666666666667
1 0.03875 0.5033333333333333 0.06 0.02666666666666667
7 0.245 0.68 0.26 0.25
0 0.75 0.25583333333333336 0.5 0.5116666666666667
0 0.75 0.7366666666666667 0.5 0.5233333333333333
0 0.26125 0.7325 0.5225 0.5316666666666666
0 0.254375 0.24333333333333335 0.50875 0.4866666666666667
1 0.87375 0.12083333333333333 0.0475 0.025
