1 0.57625 0.2989583333333333 0.0925 0.052083333333333336
1 0.686875 0.28958333333333336 0.06625 0.05416666666666667
1 0.79375 0.26979166666666665 0.055 0.03958333333333333
3 0.76625 0.16875 0.0175 0.020833333333333332
3 0.64875 0.190625 0.0125 0.022916666666666665
3 0.549375 0.19791666666666666 0.01125 0.020833333333333332
4 0.79625 0.178125 0.1 0.13125
4 0.678125 0.18958333333333333 0.09375 0.11666666666666667
4 0.578125 0.20208333333333334 0.09625 0.11666666666666667
1 0.5425 0.09375 0.07 0.0375
1 0.43875 0.30416666666666664 0.0975 0.05416666666666667
1 0.29875 0.30104166666666665 0.065 0.04791666666666667
1 0.158125 0.29583333333333334 0.07125 0.041666666666666664
1 0.43 0.22083333333333333 0.085 0.09166666666666666
1 0.303125 0.19895833333333332 0.06875 0.07708333333333334
1 0.16875 0.19583333333333333 0.085 0.07083333333333333
1 0.15125 0.06666666666666667 0.1025 0.05416666666666667
5 0.4275 0.21041666666666667 0.115 0.12083333333333333
5 0.293125 0.20208333333333334 0.10375 0.1375
5 0.16375 0.20520833333333333 0.115 0.13541666666666666
1 0.105 0.54375 0.085 0.05416666666666667
1 0.370625 0.6333333333333333 0.17875 0.0625
1 0.40375 0.6885416666666667 0.1775 0.052083333333333336
1 0.410625 0.7416666666666667 0.12625 0.04583333333333333
8 0.14 0.7572916666666667 0.145 0.25625
1 0.62125 0.7104166666666667 0.08 0.04583333333333333
1 0.55125 0.5583333333333333 0.0825 0.05
0 0.751875 0.7427083333333333 0.49625 0.5104166666666666
0 0.254375 0.7447916666666666 0.50875 0.5104166666666666
0 0.746875 0.2635416666666667 0.50625 0.47708333333333336
0 0.253125 0.24583333333333332 0.47625 0.49166666666666664
