1 0.3025 0.51875 0.0725 0.041666666666666664
1 0.291875 0.08645833333333333 0.16625 0.06041666666666667
1 0.4475 0.19895833333333332 0.07 0.03958333333333333
1 0.443125 0.3416666666666667 0.04875 0.0375
1 0.320625 0.2916666666666667 0.05625 0.041666666666666664
1 0.204375 0.28229166666666666 0.05375 0.04791666666666667
1 0.68625 0.08333333333333333 0.15 0.05
1 0.778125 0.18229166666666666 0.10875 0.04791666666666667
1 0.794375 0.23333333333333334 0.14125 0.041666666666666664
1 0.783125 0.296875 0.11875 0.03958333333333333
1 0.620625 0.3177083333333333 0.11125 0.035416666666666666
1 0.718125 0.5083333333333333 0.12625 0.05416666666666667
1 0.610625 0.21875 0.05125 0.0375
1 0.39125 0.6 0.0525 0.029166666666666667
1 0.703125 0.6041666666666666 0.06375 0.0375
1 0.215625 0.6010416666666667 0.05125 0.03958333333333333
1 0.316875 0.6833333333333333 0.06625 0.05416666666666667
3 0.205 0.22291666666666668 0.035 0.058333333333333334
3 0.318125 0.22604166666666667 0.03375 0.04375
3 0.4125 0.14895833333333333 0.0275 0.04791666666666667
3 0.411875 0.296875 0.03125 0.04791666666666667
3 0.61125 0.171875 0.0325 0.04375
2 0.710625 0.6760416666666667 0.09875 0.08958333333333333
3 0.408125 0.7354166666666667 0.02375 0.03333333333333333
3 0.324375 0.7979166666666667 0.01875 0.03333333333333333
3 0.184375 0.7583333333333333 0.03125 0.05416666666666667
5 0.61 0.20625 0.0925 0.15833333333333333
5 0.3925 0.5989583333333334 0.065 0.06041666666666667
5 0.3175 0.6833333333333333 0.09 0.07916666666666666
5 0.21375 0.596875 0.0725 0.06458333333333334
0 0.740625 0.7072916666666667 0.43875 0.5020833333333333
0 0.721875 0.240625 0.41375 0.46875
0 0.3225 0.246875 0.4125 0.46041666666666664
0 0.31625 0.715625 0.4275 0.5270833333333333
