1 0.074375 0.047540983606557376 0.12375 0.06557377049180328
1 0.116875 0.21475409836065573 0.14625 0.04590163934426229
1 0.349375 0.25081967213114753 0.15625 0.05573770491803279
1 0.261875 0.42950819672131146 0.11625 0.03934426229508197
1 0.540625 0.06311475409836066 0.06625 0.060655737704918035
1 0.558125 0.2959016393442623 0.07875 0.060655737704918035
1 0.729375 0.28770491803278686 0.13875 0.047540983606557376
1 0.89125 0.29098360655737704 0.075 0.03770491803278689
1 0.0825 0.6524590163934426 0.1025 0.06885245901639345
1 0.370625 0.6983606557377049 0.23125 0.05573770491803279
1 0.375625 0.7770491803278688 0.25875 0.05245901639344262
1 0.350625 0.8647540983606558 0.20625 0.05737704918032787
1 0.570625 0.6040983606557377 0.07875 0.04426229508196721
1 0.69125 0.8254098360655737 0.0925 0.10983606557377049
2 0.1 0.2713114754098361 0.0575 0.05737704918032787
2 0.335625 0.3 0.05625 0.06229508196721312
2 0.249375 0.47540983606557374 0.05625 0.05901639344262295
5 0.116875 0.24672131147540985 0.17125 0.2180327868852459
5 0.346875 0.2680327868852459 0.18625 0.2180327868852459
5 0.264375 0.4516393442622951 0.16125 0.1885245901639344
4 0.563125 0.2786885245901639 0.11875 0.13114754098360656
4 0.72625 0.2795081967213115 0.17 0.1360655737704918
4 0.904375 0.28442622950819674 0.13875 0.12295081967213115
6 0.1225 0.8401639344262295 0.1875 0.23770491803278687
0 0.25625 0.28688524590163933 0.5125 0.5737704918032787
0 0.7425 0.29508196721311475 0.515 0.5901639344262295
0 0.261875 0.7729508196721312 0.51625 0.4540983606557377
0 0.743125 0.7663934426229508 0.51375 0.4672131147540984
