1 0.589375 0.13333333333333333 0.08125 0.056666666666666664
1 0.70875 0.375 0.085 0.056666666666666664
1 0.85625 0.375 0.0625 0.04
1 0.85875 0.25166666666666665 0.055 0.04
1 0.720625 0.24583333333333332 0.07375 0.041666666666666664
1 0.59375 0.255 0.06 0.03666666666666667
1 0.47875 0.2925 0.0775 0.06833333333333333
1 0.355625 0.26416666666666666 0.06875 0.041666666666666664
1 0.224375 0.25333333333333335 0.05125 0.04666666666666667
1 0.59875 0.37 0.095 0.05
1 0.475625 0.4175 0.09875 0.04833333333333333
1 0.338125 0.4041666666666667 0.06875 0.041666666666666664
1 0.2075 0.3983333333333333 0.0725 0.04
3 0.209375 0.30916666666666665 0.04625 0.055
3 0.3525 0.31916666666666665 0.0425 0.058333333333333334
3 0.471875 0.3408333333333333 0.03625 0.045
1 0.22 0.5191666666666667 0.085 0.058333333333333334
1 0.59 0.52 0.0725 0.04666666666666667
1 0.665625 0.6741666666666667 0.08375 0.058333333333333334
1 0.46875 0.6841666666666667 0.12 0.245
7 0.313125 0.7058333333333333 0.24875 0.25833333333333336
5 0.471875 0.3075 0.10625 0.16833333333333333
5 0.3525 0.29083333333333333 0.11 0.16166666666666665
5 0.218125 0.2783333333333333 0.09625 0.15666666666666668
1 0.215 0.1225 0.085 0.065
4 0.86 0.2791666666666667 0.095 0.12166666666666667
4 0.718125 0.2733333333333333 0.10625 0.14
4 0.59625 0.27 0.09 0.13
0 0.72625 0.6816666666666666 0.3875 0.41
0 0.33625 0.6816666666666666 0.3875 0.4166666666666667
0 0.3475 0.2733333333333333 0.37 0.37333333333333335
0 0.73 0.2833333333333333 0.375 0.37333333333333335
2 0.58375 0.29583333333333334 0.04 0.051666666666666666
2 0.7025 0.2966666666666667 0.045 0.06
2 0.8525 0.2891666666666667 0.04 0.07166666666666667
