2 0.195625 0.45121951219512196 0.03875 0.016885553470919325
2 0.29625 0.44606003752345214 0.0375 0.021575984990619138
2 0.391875 0.44183864915572235 0.04375 0.020637898686679174
5 0.193125 0.43386491557223267 0.11375 0.08348968105065666
5 0.300625 0.4357410881801126 0.09625 0.07223264540337711
5 0.415 0.43198874296435275 0.1225 0.08536585365853659
4 0.556875 0.425422138836773 0.09875 0.055347091932457786
4 0.69125 0.424484052532833 0.1125 0.05909943714821764
4 0.83375 0.42120075046904315 0.1025 0.06191369606003752
8 0.214375 0.6763602251407129 0.17875 0.10694183864915573
1 0.179375 0.5070356472795498 0.05375 0.017823639774859287
1 0.284375 0.49953095684803 0.05375 0.017823639774859287
1 0.39 0.49530956848030017 0.07 0.016885553470919325
1 0.546875 0.48874296435272047 0.06375 0.013133208255159476
1 0.67375 0.4817073170731707 0.06 0.019699812382739212
1 0.8075 0.47138836772983117 0.0475 0.017823639774859287
1 0.54875 0.36632270168855535 0.0475 0.017823639774859287
1 0.164375 0.3616322701688555 0.08125 0.017823639774859287
1 0.16125 0.5914634146341463 0.055 0.019699812382739212
1 0.563125 0.5834896810506567 0.05625 0.01876172607879925
1 0.40125 0.6083489681050657 0.16 0.019699812382739212
1 0.656875 0.6622889305816135 0.07125 0.016885553470919325
1 0.403125 0.6332082551594747 0.15375 0.01876172607879925
1 0.383125 0.6561913696060038 0.13125 0.019699812382739212
1 0.5625 0.4165103189493433 0.055 0.009380863039399626
1 0.7025 0.41369606003752346 0.07 0.009380863039399626
1 0.848125 0.40619136960600377 0.04125 0.01125703564727955
3 0.803125 0.4104127579737336 0.01375 0.012195121951219513
3 0.653125 0.41416510318949346 0.01625 0.014071294559099437
3 0.526875 0.4151031894934334 0.01625 0.012195121951219513
1 0.295625 0.4202626641651032 0.07375 0.013133208255159476
1 0.404375 0.41416510318949346 0.10375 0.012195121951219513
1 0.2025 0.424484052532833 0.0775 0.008442776735459663
0 0.708125 0.45168855534709196 0.43125 0.22045028142589118
0 0.296875 0.4474671669793621 0.41875 0.23452157598499063
0 0.710625 0.6608818011257036 0.42375 0.20544090056285177
0 0.2975 0.674015009380863 0.4225 0.22607879924953095
