4 0.58875 0.24916666666666668 0.0975 0.12833333333333333
4 0.731875 0.255 0.10125 0.12666666666666668
4 0.87375 0.255 0.1025 0.13
5 0.100625 0.215 0.18375 0.17666666666666667
5 0.274375 0.2225 0.14875 0.18166666666666667
5 0.4375 0.23416666666666666 0.1775 0.20833333333333334
1 0.37625 0.6041666666666666 0.245 0.055
1 0.085 0.3375 0.0825 0.055
1 0.270625 0.3458333333333333 0.08125 0.04833333333333333
1 0.43875 0.355 0.135 0.06
1 0.593125 0.35333333333333333 0.10375 0.056666666666666664
1 0.736875 0.3575 0.10125 0.06166666666666667
1 0.863125 0.345 0.06125 0.043333333333333335
1 0.081875 0.08916666666666667 0.14875 0.06166666666666667
1 0.57375 0.0875 0.0725 0.055
1 0.0725 0.5283333333333333 0.115 0.04666666666666667
1 0.586875 0.5241666666666667 0.09875 0.06166666666666667
1 0.715 0.75 0.135 0.06666666666666667
8 0.16 0.7891666666666667 0.265 0.3283333333333333
1 0.40125 0.6791666666666667 0.2325 0.058333333333333334
1 0.41875 0.7716666666666666 0.1625 0.05
0 0.26625 0.25916666666666666 0.5325 0.4683333333333333
0 0.75625 0.2783333333333333 0.47 0.4633333333333333
0 0.266875 0.7366666666666667 0.53375 0.5266666666666666
0 0.75625 0.7341666666666666 0.4775 0.5316666666666666
1 0.1 0.20083333333333334 0.145 0.058333333333333334
1 0.273125 0.2 0.12875 0.04666666666666667
1 0.435 0.22333333333333333 0.1525 0.06333333333333334
3 0.56625 0.245 0.025 0.04666666666666667
3 0.700625 0.2525 0.02625 0.045
3 0.8475 0.25083333333333335 0.025 0.035
