1 0.55875 0.06300813008130081 0.0775 0.044715447154471545
1 0.080625 0.05386178861788618 0.10625 0.0508130081300813
1 0.08875 0.15853658536585366 0.125 0.04878048780487805
1 0.239375 0.1402439024390244 0.11375 0.036585365853658534
1 0.38625 0.1402439024390244 0.1275 0.04065040650406504
1 0.0675 0.3475609756097561 0.085 0.04878048780487805
1 0.239375 0.3048780487804878 0.07625 0.052845528455284556
1 0.37875 0.2886178861788618 0.12 0.056910569105691054
1 0.061875 0.5548780487804879 0.08625 0.06097560975609756
1 0.554375 0.5040650406504065 0.08875 0.052845528455284556
1 0.665625 0.7032520325203252 0.12625 0.06910569105691057
1 0.344375 0.5995934959349594 0.22125 0.10569105691056911
1 0.3525 0.681910569105691 0.2 0.06707317073170732
1 0.34 0.801829268292683 0.15 0.03861788617886179
3 0.895 0.18191056910569106 0.0375 0.08333333333333333
4 0.92 0.18292682926829268 0.1 0.14227642276422764
3 0.7025 0.2073170731707317 0.03 0.06097560975609756
4 0.73375 0.1951219512195122 0.095 0.13821138211382114
3 0.525625 0.1991869918699187 0.02875 0.06910569105691057
4 0.550625 0.20121951219512196 0.09875 0.14227642276422764
5 0.38125 0.13922764227642276 0.1525 0.1402439024390244
5 0.2375 0.13922764227642276 0.135 0.1524390243902439
5 0.08375 0.17886178861788618 0.1575 0.17886178861788618
8 0.135 0.8434959349593496 0.225 0.2804878048780488
0 0.724375 0.23983739837398374 0.55125 0.4796747967479675
0 0.725 0.7113821138211383 0.55 0.5772357723577236
0 0.229375 0.2550813008130081 0.45875 0.5060975609756098
0 0.228125 0.733739837398374 0.45625 0.532520325203252
