1 0.1275 0.14916666666666667 0.1525 0.06166666666666667
1 0.049375 0.2783333333333333 0.05375 0.056666666666666664
1 0.21875 0.2791666666666667 0.0625 0.055
1 0.365 0.2966666666666667 0.0975 0.07333333333333333
2 0.05625 0.3258333333333333 0.0275 0.03833333333333333
2 0.21625 0.3225 0.0275 0.035
2 0.36625 0.3408333333333333 0.025 0.035
5 0.36875 0.305 0.1175 0.13666666666666666
5 0.218125 0.2966666666666667 0.11875 0.13666666666666666
5 0.059375 0.2916666666666667 0.10375 0.13333333333333333
1 0.204375 0.4141666666666667 0.09375 0.041666666666666664
1 0.3975 0.4175 0.1425 0.041666666666666664
1 0.05 0.42 0.0825 0.056666666666666664
0 0.2575 0.24583333333333332 0.515 0.49166666666666664
1 0.10625 0.5558333333333333 0.125 0.051666666666666666
1 0.39 0.6316666666666667 0.2 0.05
1 0.38125 0.6883333333333334 0.1975 0.03666666666666667
1 0.379375 0.7475 0.16125 0.035
8 0.199375 0.7425 0.19125 0.21166666666666667
0 0.25875 0.7366666666666667 0.5175 0.5266666666666666
1 0.606875 0.5383333333333333 0.11875 0.05
1 0.658125 0.7466666666666667 0.12375 0.03666666666666667
0 0.745 0.7358333333333333 0.51 0.5283333333333333
1 0.59375 0.13333333333333333 0.0925 0.05333333333333334
1 0.595625 0.31166666666666665 0.06875 0.04
1 0.7675 0.3125 0.0975 0.028333333333333332
1 0.934375 0.325 0.05375 0.02666666666666667
3 0.895 0.32 0.0175 0.02
3 0.7125 0.31166666666666665 0.0125 0.02
3 0.55125 0.30583333333333335 0.0175 0.021666666666666667
1 0.596875 0.44333333333333336 0.12875 0.05333333333333334
1 0.760625 0.44333333333333336 0.10375 0.04666666666666667
1 0.92 0.42833333333333334 0.06 0.043333333333333335
4 0.595625 0.305 0.12125 0.14333333333333334
4 0.760625 0.30833333333333335 0.12625 0.14666666666666667
4 0.93375 0.31833333333333336 0.1125 0.14666666666666667
0 0.750625 0.25666666666666665 0.49875 0.5133333333333333
