1 0.124375 0.04240282685512368 0.15125 0.03356890459363958
1 0.14 0.15547703180212014 0.14 0.04063604240282685
1 0.368125 0.19302120141342757 0.13625 0.037985865724381625
1 0.23 0.3630742049469965 0.1525 0.04063604240282685
1 0.550625 0.17491166077738515 0.09125 0.028268551236749116
1 0.546875 0.05830388692579505 0.08875 0.038869257950530034
1 0.751875 0.1709363957597173 0.09375 0.030918727915194347
1 0.91875 0.16696113074204946 0.0725 0.03180212014134275
1 0.355 0.8219964664310954 0.2175 0.045053003533568906
1 0.3475 0.8652826855123675 0.2225 0.03975265017667844
1 0.313125 0.9050353356890459 0.16625 0.04151943462897526
1 0.55125 0.5600706713780919 0.1025 0.04240282685512368
1 0.624375 0.698321554770318 0.10375 0.06978798586572438
2 0.1325 0.17977031802120141 0.07 0.03975265017667844
2 0.35875 0.22614840989399293 0.0825 0.04063604240282685
2 0.246875 0.3992932862190813 0.10875 0.054770318021201414
5 0.140625 0.16475265017667845 0.17375 0.10512367491166077
5 0.365625 0.19832155477031801 0.16625 0.12279151943462897
5 0.239375 0.3833922261484099 0.20375 0.13957597173144876
4 0.565 0.17491166077738515 0.1525 0.07597173144876325
4 0.750625 0.17270318021201414 0.12375 0.08745583038869258
4 0.9325 0.1700530035335689 0.12 0.06625441696113074
6 0.20125 0.7173144876325088 0.3175 0.20141342756183744
0 0.244375 0.2597173144876325 0.48375 0.519434628975265
0 0.729375 0.26015901060070673 0.53625 0.5203180212014135
0 0.2425 0.747791519434629 0.485 0.48674911660777387
0 0.724375 0.7508833922261484 0.53625 0.4929328621908127
