3 0.79625 0.22433035714285715 0.0275 0.046875
3 0.665625 0.21986607142857142 0.03125 0.05133928571428571
3 0.5175 0.23102678571428573 0.035 0.046875
1 0.485625 0.08258928571428571 0.04625 0.03125
1 0.10125 0.08928571428571429 0.0775 0.044642857142857144
1 0.501875 0.5457589285714286 0.06375 0.060267857142857144
1 0.34125 0.6238839285714286 0.1625 0.05133928571428571
1 0.5925 0.7020089285714286 0.07 0.05133928571428571
1 0.093125 0.5580357142857143 0.05625 0.03571428571428571
8 0.173125 0.7544642857142857 0.20125 0.3169642857142857
1 0.3725 0.22544642857142858 0.07 0.06696428571428571
1 0.25 0.2265625 0.04 0.06473214285714286
1 0.101875 0.24553571428571427 0.04625 0.07589285714285714
1 0.350625 0.7008928571428571 0.14375 0.044642857142857144
1 0.34125 0.7845982142857143 0.1025 0.033482142857142856
1 0.1 0.39285714285714285 0.0575 0.044642857142857144
1 0.25125 0.36049107142857145 0.0475 0.03794642857142857
1 0.3875 0.3560267857142857 0.075 0.033482142857142856
1 0.516875 0.375 0.07625 0.049107142857142856
1 0.675 0.35825892857142855 0.065 0.03794642857142857
1 0.79875 0.34933035714285715 0.04 0.029017857142857144
5 0.37375 0.23660714285714285 0.0975 0.17410714285714285
5 0.250625 0.24330357142857142 0.09625 0.16517857142857142
5 0.1075 0.25223214285714285 0.095 0.17410714285714285
4 0.534375 0.23660714285714285 0.08875 0.16517857142857142
4 0.679375 0.23325892857142858 0.07875 0.15848214285714285
4 0.806875 0.22879464285714285 0.08125 0.15401785714285715
0 0.683125 0.25 0.46875 0.5
0 0.23375 0.2689732142857143 0.4525 0.5379464285714286
0 0.6825 0.7388392857142857 0.47 0.5223214285714286
0 0.239375 0.7433035714285714 0.46375 0.5133928571428571
