1 0.23125 0.13666666666666666 0.2375 0.056666666666666664
3 0.066875 0.335 0.04125 0.06333333333333334
3 0.21125 0.33 0.0425 0.056666666666666664
3 0.34 0.24 0.0375 0.06
3 0.33 0.4075 0.0425 0.06833333333333333
1 0.046875 0.3983333333333333 0.05125 0.04666666666666667
1 0.2125 0.3925 0.08 0.04833333333333333
1 0.3575 0.2825 0.0775 0.045
1 0.678125 0.1525 0.27875 0.065
1 0.5725 0.29833333333333334 0.065 0.04666666666666667
1 0.595 0.4025 0.14 0.035
3 0.586875 0.2275 0.03625 0.04833333333333333
5 0.590625 0.26166666666666666 0.14375 0.15666666666666668
1 0.795 0.2325 0.14 0.041666666666666664
1 0.806875 0.2916666666666667 0.15625 0.03666666666666667
1 0.811875 0.3675 0.15625 0.03166666666666667
1 0.3375 0.46416666666666667 0.0625 0.035
1 0.195625 0.5866666666666667 0.13625 0.06333333333333334
1 0.09125 0.6641666666666667 0.0725 0.041666666666666664
1 0.281875 0.6558333333333334 0.05625 0.028333333333333332
1 0.18625 0.7566666666666667 0.0725 0.056666666666666664
3 0.0725 0.8908333333333334 0.03 0.065
3 0.213125 0.8833333333333333 0.03125 0.056666666666666664
3 0.315625 0.8566666666666667 0.03625 0.06666666666666667
5 0.09625 0.6641666666666667 0.1125 0.06166666666666667
5 0.285625 0.6541666666666667 0.10875 0.055
5 0.1925 0.7425 0.115 0.09166666666666666
1 0.681875 0.5825 0.19375 0.07833333333333334
1 0.65125 0.7008333333333333 0.0925 0.058333333333333334
2 0.676875 0.8016666666666666 0.11125 0.11333333333333333
0 0.23875 0.31666666666666665 0.4775 0.47333333333333333
0 0.72875 0.32166666666666666 0.5425 0.4633333333333333
0 0.72875 0.76 0.5425 0.48
0 0.2375 0.7658333333333334 0.475 0.4683333333333333
