1 0.08625 0.08833333333333333 0.0775 0.04
1 0.08625 0.1575 0.025 0.028333333333333332
1 0.215 0.1475 0.1625 0.041666666666666664
1 0.54875 0.11833333333333333 0.065 0.056666666666666664
1 0.619375 0.25 0.20375 0.20333333333333334
1 0.555 0.5183333333333333 0.0625 0.04
1 0.711875 0.6816666666666666 0.25625 0.05
1 0.81875 0.8391666666666666 0.045 0.035
1 0.70375 0.8433333333333334 0.045 0.043333333333333335
1 0.55875 0.8633333333333333 0.0425 0.04
1 0.115625 0.5808333333333333 0.10125 0.051666666666666666
7 0.288125 0.7633333333333333 0.35375 0.31666666666666665
5 0.5575 0.7691666666666667 0.0925 0.125
5 0.69125 0.7658333333333334 0.1 0.11166666666666666
5 0.81 0.7583333333333333 0.085 0.10666666666666667
4 0.705 0.5725 0.11 0.07166666666666667
4 0.583125 0.395 0.08375 0.04666666666666667
4 0.844375 0.2525 0.17125 0.18833333333333332
2 0.213125 0.2925 0.23625 0.205
