1 0.536875 0.16666666666666666 0.07375 0.044444444444444446
1 0.545 0.27111111111111114 0.125 0.14222222222222222
1 0.70125 0.2611111111111111 0.07 0.051111111111111114
2 0.71125 0.33 0.07 0.09111111111111111
1 0.54125 0.38666666666666666 0.0525 0.035555555555555556
4 0.5425 0.3844444444444444 0.105 0.06222222222222222
1 0.2125 0.14555555555555555 0.065 0.03333333333333333
1 0.261875 0.18222222222222223 0.14375 0.035555555555555556
1 0.159375 0.19 0.02625 0.03333333333333333
1 0.38375 0.2677777777777778 0.0575 0.03777777777777778
1 0.36125 0.33111111111111113 0.1275 0.044444444444444446
2 0.34625 0.2633333333333333 0.2175 0.22444444444444445
1 0.535 0.5111111111111111 0.08 0.06222222222222222
1 0.668125 0.5122222222222222 0.07875 0.04666666666666667
4 0.66875 0.5166666666666667 0.1275 0.08222222222222222
1 0.6325 0.5766666666666667 0.1975 0.051111111111111114
5 0.541875 0.6688888888888889 0.09375 0.1288888888888889
5 0.646875 0.6722222222222223 0.10375 0.14
5 0.754375 0.6711111111111111 0.10125 0.14222222222222222
1 0.54 0.6411111111111111 0.0525 0.03777777777777778
1 0.64375 0.6466666666666666 0.0775 0.035555555555555556
1 0.7425 0.6377777777777778 0.065 0.035555555555555556
3 0.539375 0.6811111111111111 0.02125 0.028888888888888888
3 0.64625 0.6855555555555556 0.02 0.028888888888888888
3 0.75125 0.6833333333333333 0.0225 0.024444444444444446
1 0.19375 0.48444444444444446 0.105 0.08
3 0.21 0.7155555555555555 0.045 0.05333333333333334
3 0.276875 0.6877777777777778 0.03875 0.06
3 0.3425 0.6366666666666667 0.0425 0.06444444444444444
3 0.39 0.5922222222222222 0.04 0.06
1 0.54625 0.8088888888888889 0.0475 0.04888888888888889
1 0.66 0.8155555555555556 0.05 0.04888888888888889
1 0.765625 0.8166666666666667 0.04875 0.03777777777777778
7 0.300625 0.7088888888888889 0.34875 0.39555555555555555
0 0.654375 0.2966666666666667 0.35375 0.33111111111111113
0 0.654375 0.6922222222222222 0.35375 0.46444444444444444
0 0.29375 0.2966666666666667 0.3675 0.33111111111111113
0 0.29375 0.6922222222222222 0.3675 0.46444444444444444
