5 0.151875 0.185 0.12625 0.15333333333333332
5 0.281875 0.18166666666666667 0.11375 0.15
5 0.40625 0.2 0.1225 0.15333333333333332
1 0.119375 0.07416666666666667 0.10125 0.035
1 0.109375 0.56 0.06125 0.03666666666666667
8 0.170625 0.7066666666666667 0.18625 0.20333333333333334
1 0.153125 0.1725 0.08625 0.025
1 0.28875 0.16166666666666665 0.085 0.023333333333333334
1 0.405625 0.17833333333333334 0.10125 0.03333333333333333
1 0.145625 0.2816666666666667 0.05375 0.023333333333333334
1 0.275625 0.28 0.05125 0.023333333333333334
1 0.400625 0.2891666666666667 0.07125 0.025
1 0.381875 0.5825 0.14375 0.035
1 0.405 0.6333333333333333 0.1525 0.03333333333333333
1 0.409375 0.6925 0.07125 0.03166666666666667
1 0.57375 0.09 0.0475 0.02666666666666667
3 0.564375 0.18 0.01625 0.02666666666666667
3 0.71375 0.17083333333333334 0.02 0.028333333333333332
3 0.855625 0.16666666666666666 0.01625 0.03
4 0.745 0.1725 0.1075 0.12166666666666667
4 0.87625 0.17083333333333334 0.075 0.115
4 0.6 0.17916666666666667 0.105 0.125
1 0.734375 0.2683333333333333 0.06625 0.03333333333333333
1 0.585 0.2808333333333333 0.0675 0.03166666666666667
1 0.873125 0.25916666666666666 0.04625 0.025
1 0.633125 0.6775 0.07375 0.025
1 0.561875 0.5566666666666666 0.05375 0.03
0 0.7325 0.24166666666666667 0.46 0.4666666666666667
0 0.726875 0.7225 0.47375 0.505
0 0.27375 0.24916666666666668 0.485 0.4716666666666667
0 0.274375 0.7225 0.48625 0.5083333333333333
