1 0.599375 0.6725 0.05625 0.08
0 0.658125 0.7175 0.38125 0.545
0 0.659375 0.24875 0.34875 0.4625
0 0.305 0.705 0.3625 0.55
0 0.32125 0.23 0.345 0.44
1 0.5275 0.52 0.0475 0.04
1 0.69625 0.38375 0.08 0.0425
1 0.70375 0.27 0.0925 0.04
1 0.675625 0.16125 0.05875 0.0475
1 0.590625 0.15875 0.03875 0.0475
1 0.5975 0.2775 0.0775 0.035
1 0.585625 0.38625 0.03375 0.0325
3 0.55375 0.385 0.0175 0.03
3 0.54625 0.28125 0.0175 0.0275
3 0.5575 0.15 0.015 0.025
4 0.584375 0.16125 0.08125 0.0875
4 0.586875 0.2825 0.11375 0.08
4 0.58 0.395 0.085 0.095
1 0.51875 0.0975 0.035 0.035
5 0.23125 0.19 0.08 0.14
5 0.33 0.19875 0.0875 0.1475
5 0.43375 0.185 0.08 0.15
1 0.421875 0.305 0.06125 0.035
1 0.31875 0.3 0.035 0.035
1 0.20875 0.31625 0.0375 0.0475
1 0.199375 0.05 0.05125 0.035
1 0.186875 0.49 0.04875 0.04
1 0.41 0.575 0.125 0.055
1 0.414375 0.64 0.12125 0.04
1 0.404375 0.735 0.06375 0.07
7 0.2475 0.69125 0.165 0.2525
