0 0.27375 0.2699822380106572 0.5075 0.4511545293072824
0 0.75 0.2566607460035524 0.4775 0.42095914742451157
0 0.271875 0.7131438721136767 0.50625 0.5381882770870338
0 0.73625 0.7122557726465364 0.5 0.5399644760213144
1 0.5775 0.21847246891651864 0.055 0.03907637655417407
1 0.74625 0.21225577264653642 0.0975 0.047957371225577264
2 0.571875 0.25843694493783304 0.04125 0.04440497335701599
2 0.728125 0.25044404973357015 0.04625 0.03907637655417407
2 0.871875 0.2477797513321492 0.03875 0.03374777975133215
1 0.884375 0.21492007104795738 0.04625 0.03907637655417407
1 0.566875 0.08880994671403197 0.06125 0.046181172291296625
1 0.5775 0.3552397868561279 0.085 0.046181172291296625
1 0.73 0.347246891651865 0.07 0.06216696269982238
1 0.86625 0.3259325044404973 0.0475 0.047957371225577264
4 0.580625 0.24511545293072823 0.11625 0.1172291296625222
4 0.743125 0.23801065719360567 0.12625 0.10657193605683836
4 0.884375 0.2353463587921847 0.11125 0.09769094138543517
1 0.581875 0.4955595026642984 0.07625 0.05328596802841918
1 0.613125 0.7078152753108348 0.07375 0.0586145648312611
1 0.423125 0.5701598579040853 0.15125 0.0497335701598579
1 0.42375 0.6509769094138543 0.14 0.047957371225577264
1 0.416875 0.7371225577264654 0.06875 0.046181172291296625
1 0.083125 0.5390763765541741 0.07125 0.047957371225577264
7 0.221875 0.7451154529307282 0.31125 0.261101243339254
1 0.101875 0.2033747779751332 0.10875 0.04085257548845471
1 0.27625 0.21758436944937834 0.0975 0.037300177619893425
3 0.26625 0.283303730017762 0.04 0.06216696269982238
3 0.426875 0.2655417406749556 0.03125 0.06571936056838366
3 0.084375 0.27353463587921845 0.03875 0.06394316163410302
1 0.43375 0.21758436944937834 0.11 0.04085257548845471
5 0.43125 0.2531083481349911 0.15 0.15808170515097691
5 0.278125 0.24600355239786856 0.13875 0.15097690941385436
5 0.11 0.2353463587921847 0.15 0.18294849023090587
1 0.094375 0.07282415630550622 0.08125 0.046181172291296625
1 0.08 0.3907637655417407 0.06 0.0674955595026643
1 0.26625 0.3605683836589698 0.0575 0.05328596802841918
1 0.428125 0.36589698046181174 0.08875 0.0497335701598579
