1 0.64375 0.6308333333333334 0.075 0.06166666666666667
1 0.559375 0.49833333333333335 0.07375 0.04
1 0.733125 0.4083333333333333 0.06375 0.04666666666666667
1 0.86625 0.3908333333333333 0.145 0.07833333333333334
1 0.854375 0.24916666666666668 0.16125 0.055
1 0.8125 0.12666666666666668 0.1025 0.09
1 0.69875 0.14 0.06 0.04666666666666667
1 0.71625 0.26 0.075 0.03666666666666667
3 0.663125 0.10333333333333333 0.02125 0.03666666666666667
3 0.66625 0.2608333333333333 0.015 0.041666666666666664
3 0.67875 0.4025 0.02 0.035
4 0.691875 0.12833333333333333 0.09625 0.10333333333333333
4 0.700625 0.25833333333333336 0.10875 0.09333333333333334
4 0.715625 0.4025 0.11375 0.105
1 0.580625 0.08583333333333333 0.06625 0.051666666666666666
1 0.471875 0.4083333333333333 0.09875 0.07
1 0.3175 0.4008333333333333 0.07 0.065
1 0.119375 0.42916666666666664 0.07875 0.06166666666666667
5 0.471875 0.2658333333333333 0.10125 0.20833333333333334
5 0.333125 0.2633333333333333 0.09625 0.20666666666666667
5 0.171875 0.28583333333333333 0.14125 0.24166666666666667
1 0.099375 0.12666666666666668 0.09125 0.07666666666666666
1 0.096875 0.5616666666666666 0.09375 0.06666666666666667
1 0.3975 0.6183333333333333 0.1775 0.2
7 0.2125 0.755 0.2375 0.30666666666666664
0 0.7475 0.695 0.5025 0.4633333333333333
0 0.76 0.25083333333333335 0.4575 0.41833333333333333
0 0.28625 0.26166666666666666 0.4875 0.4166666666666667
0 0.265 0.7 0.45 0.43
