1 0.3325 0.17166666666666666 0.175 0.07
1 0.20125 0.3641666666666667 0.0525 0.045
1 0.32625 0.37416666666666665 0.08 0.055
1 0.50125 0.4033333333333333 0.0725 0.02666666666666667
1 0.49625 0.27666666666666667 0.085 0.03333333333333333
3 0.485625 0.36333333333333334 0.03625 0.03666666666666667
3 0.21125 0.30833333333333335 0.03 0.043333333333333335
3 0.33875 0.30666666666666664 0.0425 0.043333333333333335
3 0.4725 0.23916666666666667 0.0375 0.041666666666666664
1 0.735625 0.15416666666666667 0.21875 0.055
1 0.84875 0.225 0.1575 0.04
1 0.666875 0.38083333333333336 0.14625 0.03166666666666667
1 0.649375 0.2791666666666667 0.07375 0.041666666666666664
3 0.6425 0.24333333333333335 0.03 0.04666666666666667
5 0.6525 0.2633333333333333 0.12 0.13666666666666666
1 0.728125 0.5425 0.18125 0.06166666666666667
1 0.71375 0.6583333333333333 0.1 0.04666666666666667
1 0.320625 0.5583333333333333 0.08875 0.05333333333333334
1 0.408125 0.6583333333333333 0.04875 0.023333333333333334
1 0.214375 0.6575 0.04875 0.025
1 0.29875 0.72 0.0475 0.043333333333333335
5 0.40625 0.6608333333333334 0.065 0.065
5 0.219375 0.66 0.08125 0.07
5 0.303125 0.7208333333333333 0.07125 0.075
3 0.186875 0.8241666666666667 0.02625 0.03166666666666667
3 0.313125 0.8366666666666667 0.02625 0.03666666666666667
3 0.41875 0.8175 0.0275 0.035
0 0.75375 0.6983333333333334 0.395 0.44
0 0.349375 0.7091666666666666 0.46125 0.4483333333333333
0 0.753125 0.295 0.39375 0.4
0 0.3575 0.2966666666666667 0.425 0.4533333333333333
2 0.7275 0.755 0.1525 0.14333333333333334
1 0.85625 0.265 0.1775 0.02666666666666667
1 0.8425 0.3225 0.1575 0.035
