1 0.139375 0.0825 0.20625 0.07166666666666667
3 0.401875 0.20916666666666667 0.06625 0.085
3 0.60375 0.22083333333333333 0.04 0.045
3 0.40625 0.4058333333333333 0.075 0.07166666666666667
3 0.466875 0.8975 0.05375 0.058333333333333334
3 0.059375 0.3016666666666667 0.05875 0.07
3 0.1875 0.29 0.0525 0.056666666666666664
5 0.401875 0.71 0.12875 0.09666666666666666
5 0.161875 0.7366666666666667 0.12875 0.09666666666666666
5 0.275 0.8033333333333333 0.1175 0.1
3 0.315 0.935 0.04 0.05
3 0.141875 0.9466666666666667 0.03625 0.04666666666666667
1 0.695 0.08916666666666667 0.3025 0.06166666666666667
1 0.81125 0.6 0.1775 0.08
1 0.286875 0.6208333333333333 0.10125 0.058333333333333334
1 0.631875 0.42916666666666664 0.16875 0.04833333333333333
1 0.87 0.3958333333333333 0.18 0.04833333333333333
1 0.879375 0.2991666666666667 0.20375 0.055
1 0.875 0.2 0.185 0.06333333333333334
1 0.068125 0.41 0.07125 0.04666666666666667
1 0.20375 0.41333333333333333 0.09 0.07
1 0.4125 0.2775 0.1225 0.041666666666666664
1 0.4275 0.48833333333333334 0.085 0.04
1 0.604375 0.29083333333333333 0.08125 0.04833333333333333
5 0.604375 0.2525 0.14625 0.16833333333333333
1 0.4025 0.7066666666666667 0.0825 0.04
1 0.27875 0.8091666666666667 0.0825 0.06833333333333333
1 0.169375 0.7383333333333333 0.07625 0.043333333333333335
1 0.7825 0.7541666666666667 0.0675 0.03833333333333333
2 0.77875 0.8575 0.1725 0.115
0 0.76625 0.7491666666666666 0.4675 0.5016666666666667
0 0.295625 0.7616666666666667 0.52375 0.4766666666666667
0 0.276875 0.28583333333333333 0.51875 0.5716666666666667
0 0.748125 0.26666666666666666 0.50375 0.5333333333333333
