1 0.698125 0.6816666666666666 0.11625 0.07333333333333333
1 0.55875 0.5158333333333334 0.085 0.04833333333333333
1 0.889375 0.405 0.14125 0.06
1 0.8875 0.2708333333333333 0.165 0.051666666666666666
1 0.856875 0.14833333333333334 0.10125 0.05333333333333334
1 0.73 0.1425 0.0675 0.041666666666666664
1 0.73625 0.2658333333333333 0.0875 0.03833333333333333
1 0.731875 0.3925 0.05375 0.03166666666666667
1 0.546875 0.08666666666666667 0.07125 0.04
1 0.384375 0.5783333333333334 0.20125 0.06333333333333334
1 0.39375 0.6358333333333334 0.19 0.04833333333333333
1 0.4 0.7125 0.125 0.06833333333333333
1 0.08625 0.5258333333333334 0.0975 0.04833333333333333
1 0.069375 0.4033333333333333 0.07625 0.05333333333333334
1 0.235625 0.3983333333333333 0.08375 0.04666666666666667
1 0.405 0.39166666666666666 0.1225 0.043333333333333335
1 0.115625 0.12083333333333333 0.10875 0.041666666666666664
3 0.691875 0.3883333333333333 0.02125 0.03666666666666667
3 0.681875 0.2633333333333333 0.02125 0.03666666666666667
3 0.68 0.13833333333333334 0.03 0.03666666666666667
4 0.71875 0.145 0.12 0.10333333333333333
4 0.7225 0.2725 0.1225 0.095
4 0.728125 0.3983333333333333 0.11875 0.09
7 0.1475 0.7125 0.2725 0.265
5 0.093125 0.2833333333333333 0.11875 0.17666666666666667
5 0.23375 0.28 0.1275 0.17333333333333334
5 0.39 0.285 0.1275 0.16333333333333333
0 0.7425 0.7266666666666667 0.515 0.5466666666666666
0 0.73875 0.255 0.5225 0.44
0 0.248125 0.735 0.49625 0.53
0 0.24875 0.25916666666666666 0.495 0.4483333333333333
