7 0.2525 0.7390745501285347 0.2175 0.35732647814910024
1 0.38875 0.4948586118251928 0.1 0.08483290488431877
1 0.123125 0.519280205655527 0.06875 0.061696658097686374
1 0.13375 0.38688946015424164 0.05 0.033419023136246784
1 0.2825 0.3496143958868895 0.0575 0.030848329048843187
1 0.38875 0.34704370179948585 0.0675 0.02570694087403599
3 0.395 0.2712082262210797 0.0275 0.05912596401028278
3 0.143125 0.2583547557840617 0.03375 0.05912596401028278
3 0.27625 0.2609254498714653 0.03 0.05912596401028278
1 0.136875 0.19408740359897173 0.07625 0.033419023136246784
1 0.144375 0.016709511568123392 0.07375 0.033419023136246784
1 0.506875 0.4537275064267352 0.05875 0.043701799485861184
1 0.281875 0.20179948586118251 0.08375 0.028277634961439587
1 0.395625 0.2262210796915167 0.07625 0.03598971722365039
5 0.3925 0.2455012853470437 0.085 0.16195372750642673
5 0.140625 0.24293059125964012 0.13125 0.23393316195372751
5 0.27875 0.2365038560411311 0.105 0.19023136246786632
1 0.4975 0.04755784061696658 0.0475 0.033419023136246784
2 0.50125 0.2095115681233933 0.0375 0.04884318766066838
1 0.500625 0.16452442159383032 0.05875 0.02570694087403599
1 0.624375 0.7133676092544987 0.05875 0.033419023136246784
1 0.63875 0.3110539845758355 0.0575 0.056555269922879174
1 0.499375 0.29562982005141386 0.07125 0.04627249357326478
1 0.625625 0.17480719794344474 0.07625 0.02570694087403599
4 0.505 0.1928020565552699 0.08 0.12853470437017994
1 0.761875 0.3033419023136247 0.04125 0.04113110539845758
1 0.74 0.18894601542416453 0.0425 0.028277634961439587
2 0.621875 0.2236503856041131 0.03125 0.04627249357326478
4 0.628125 0.19922879177377892 0.09125 0.13624678663239073
2 0.744375 0.2365038560411311 0.03125 0.04113110539845758
4 0.750625 0.2120822622107969 0.10375 0.12082262210796915
0 0.235625 0.6940874035989717 0.42375 0.6118251928020566
0 0.2575 0.2416452442159383 0.4 0.4730077120822622
0 0.666875 0.6850899742930592 0.43875 0.6298200514138818
0 0.66125 0.2352185089974293 0.4125 0.4704370179948586
1 0.384375 0.596401028277635 0.09625 0.07197943444730077
1 0.394375 0.705655526992288 0.05625 0.043701799485861184
