1 0.1425 0.135 0.1175 0.03
1 0.561875 0.145 0.06625 0.03666666666666667
3 0.553125 0.28 0.01875 0.02666666666666667
3 0.6875 0.2816666666666667 0.02 0.03
3 0.83 0.27666666666666667 0.0175 0.02666666666666667
4 0.853125 0.2791666666666667 0.08125 0.12166666666666667
1 0.853125 0.36 0.05875 0.02
1 0.705625 0.37333333333333335 0.07125 0.03333333333333333
1 0.575 0.37916666666666665 0.09 0.025
4 0.57875 0.29333333333333333 0.085 0.11
4 0.71 0.2866666666666667 0.08 0.11666666666666667
1 0.43125 0.36583333333333334 0.09 0.028333333333333332
1 0.28125 0.3641666666666667 0.06 0.025
1 0.124375 0.35333333333333333 0.05875 0.03
1 0.128125 0.26916666666666667 0.06625 0.021666666666666667
1 0.283125 0.2658333333333333 0.08625 0.025
1 0.420625 0.28583333333333333 0.08625 0.015
5 0.128125 0.26916666666666667 0.07125 0.08166666666666667
5 0.28125 0.2816666666666667 0.095 0.11
5 0.419375 0.2841666666666667 0.08875 0.095
1 0.170625 0.5733333333333334 0.10875 0.03666666666666667
1 0.5925 0.5566666666666666 0.08 0.056666666666666664
8 0.314375 0.7591666666666667 0.28875 0.265
1 0.453125 0.6641666666666667 0.12625 0.028333333333333332
1 0.713125 0.73 0.10625 0.03
0 0.726875 0.74 0.41625 0.49
0 0.308125 0.75 0.45625 0.49666666666666665
0 0.2975 0.3175 0.4575 0.43833333333333335
0 0.7225 0.305 0.43 0.4066666666666667
1 0.46 0.7058333333333333 0.1225 0.028333333333333332
1 0.44625 0.7483333333333333 0.09 0.023333333333333334
