0 0.77 0.7019607843137254 0.46 0.592156862745098
0 0.28125 0.711764705882353 0.5625 0.5725490196078431
0 0.275625 0.2656862745098039 0.55125 0.5313725490196078
0 0.768125 0.22254901960784312 0.46125 0.44509803921568625
1 0.06875 0.07647058823529412 0.1025 0.047058823529411764
5 0.15125 0.24215686274509804 0.1125 0.1588235294117647
5 0.309375 0.22549019607843138 0.10625 0.1411764705882353
5 0.450625 0.21568627450980393 0.11125 0.1411764705882353
1 0.136875 0.35294117647058826 0.06625 0.050980392156862744
1 0.28625 0.32745098039215687 0.065 0.047058823529411764
1 0.461875 0.3156862745098039 0.07875 0.050980392156862744
1 0.046875 0.6019607843137255 0.08125 0.058823529411764705
7 0.2325 0.7421568627450981 0.215 0.2607843137254902
1 0.451875 0.6009803921568627 0.15375 0.07254901960784314
1 0.47375 0.7294117647058823 0.0975 0.043137254901960784
1 0.46875 0.6588235294117647 0.1475 0.058823529411764705
1 0.6975 0.6274509803921569 0.0825 0.06274509803921569
1 0.605 0.4803921568627451 0.075 0.03529411764705882
1 0.88375 0.32450980392156864 0.1425 0.052941176470588235
1 0.9025 0.19705882352941176 0.165 0.045098039215686274
1 0.854375 0.10980392156862745 0.09375 0.06666666666666667
1 0.593125 0.05196078431372549 0.05875 0.052941176470588235
3 0.6275 0.11666666666666667 0.0225 0.03725490196078431
1 0.68375 0.12156862745098039 0.065 0.047058823529411764
4 0.665 0.11666666666666667 0.1425 0.10392156862745099
3 0.62125 0.22450980392156863 0.025 0.03333333333333333
1 0.704375 0.21666666666666667 0.10875 0.03333333333333333
4 0.684375 0.22058823529411764 0.18375 0.08823529411764706
3 0.6175 0.34215686274509804 0.0325 0.045098039215686274
1 0.67875 0.34019607843137256 0.06 0.03725490196078431
4 0.66375 0.34215686274509804 0.16 0.1
