1 0.61375 0.09333333333333334 0.0875 0.05
1 0.63 0.23666666666666666 0.085 0.05
1 0.7875 0.23583333333333334 0.1075 0.045
1 0.913125 0.225 0.06625 0.05333333333333334
1 0.625625 0.4683333333333333 0.09375 0.05333333333333334
1 0.6775 0.6008333333333333 0.065 0.04833333333333333
1 0.698125 0.6408333333333334 0.10375 0.04833333333333333
1 0.155 0.4708333333333333 0.1075 0.04833333333333333
1 0.160625 0.07583333333333334 0.13125 0.04833333333333333
1 0.204375 0.14333333333333334 0.10875 0.03666666666666667
1 0.39875 0.15833333333333333 0.12 0.043333333333333335
1 0.288125 0.29083333333333333 0.10375 0.03833333333333333
2 0.381875 0.18916666666666668 0.04375 0.03833333333333333
2 0.2825 0.335 0.0575 0.04
2 0.195 0.19083333333333333 0.06 0.041666666666666664
4 0.636875 0.2425 0.13625 0.135
4 0.78625 0.23333333333333334 0.1225 0.13
4 0.923125 0.225 0.11125 0.13333333333333333
5 0.395 0.175 0.1325 0.13
5 0.285 0.31666666666666665 0.1275 0.16
5 0.199375 0.16916666666666666 0.12875 0.14166666666666666
1 0.434375 0.5583333333333333 0.16625 0.09
1 0.438125 0.6483333333333333 0.17875 0.09
1 0.43375 0.7366666666666667 0.1825 0.056666666666666664
6 0.248125 0.6183333333333333 0.17875 0.23
0 0.773125 0.6475 0.45375 0.4683333333333333
0 0.765625 0.23666666666666666 0.45625 0.39666666666666667
0 0.31 0.2425 0.5 0.405
0 0.303125 0.6525 0.53125 0.4583333333333333
