4 0.650625 0.1525 0.15875 0.08166666666666667
4 0.68625 0.25 0.21 0.11
4 0.68 0.36666666666666664 0.14 0.09333333333333334
1 0.858125 0.3308333333333333 0.15875 0.04833333333333333
1 0.885625 0.21416666666666667 0.16375 0.06166666666666667
1 0.84 0.1175 0.1025 0.028333333333333332
1 0.584375 0.06166666666666667 0.05625 0.03
5 0.4025 0.19666666666666666 0.105 0.16333333333333333
5 0.25 0.19666666666666666 0.1125 0.14333333333333334
5 0.088125 0.205 0.11875 0.13
1 0.06625 0.31583333333333335 0.085 0.04833333333333333
1 0.258125 0.3016666666666667 0.06625 0.03666666666666667
1 0.436875 0.2991666666666667 0.10125 0.065
1 0.08 0.030833333333333334 0.095 0.035
1 0.615625 0.5008333333333334 0.08625 0.041666666666666664
1 0.4125 0.56 0.2425 0.07333333333333333
1 0.4075 0.6091666666666666 0.2225 0.07166666666666667
1 0.405625 0.6608333333333334 0.12625 0.035
1 0.045 0.48833333333333334 0.09 0.05333333333333334
3 0.60875 0.1525 0.0275 0.028333333333333332
1 0.6675 0.14916666666666667 0.08 0.028333333333333332
3 0.61 0.26916666666666667 0.0225 0.025
1 0.700625 0.24416666666666667 0.13875 0.051666666666666666
3 0.638125 0.37083333333333335 0.02625 0.035
1 0.7 0.3525 0.065 0.035
1 0.755 0.6366666666666667 0.09 0.043333333333333335
7 0.13875 0.6783333333333333 0.205 0.21333333333333335
0 0.30625 0.7266666666666667 0.6125 0.5466666666666666
0 0.776875 0.73 0.44625 0.54
0 0.768125 0.24916666666666668 0.46375 0.455
0 0.2775 0.2325 0.555 0.465
