1 0.09875 0.06416666666666666 0.095 0.04833333333333333
1 0.13375 0.1575 0.085 0.03833333333333333
1 0.33875 0.1875 0.1 0.051666666666666666
1 0.238125 0.3516666666666667 0.10125 0.03333333333333333
1 0.545 0.08833333333333333 0.0625 0.04666666666666667
1 0.561875 0.285 0.07875 0.043333333333333335
1 0.725 0.2791666666666667 0.0925 0.03833333333333333
1 0.87375 0.27416666666666667 0.065 0.041666666666666664
1 0.10125 0.5516666666666666 0.085 0.04
1 0.369375 0.6208333333333333 0.22625 0.058333333333333334
1 0.373125 0.6791666666666667 0.22375 0.055
1 0.36 0.7516666666666667 0.1825 0.06333333333333334
1 0.5825 0.5716666666666667 0.09 0.05
1 0.635 0.7391666666666666 0.0775 0.095
2 0.12 0.21 0.05 0.043333333333333335
2 0.325625 0.2275 0.05625 0.04833333333333333
2 0.224375 0.4 0.06375 0.05
5 0.13 0.19 0.1175 0.16333333333333333
5 0.338125 0.2075 0.12625 0.17833333333333334
5 0.233125 0.3925 0.14375 0.205
4 0.570625 0.2758333333333333 0.12625 0.15166666666666667
4 0.724375 0.275 0.11375 0.13333333333333333
4 0.878125 0.2775 0.10875 0.14833333333333334
6 0.15125 0.7175 0.1575 0.215
0 0.259375 0.2675 0.47625 0.5216666666666666
0 0.726875 0.26916666666666667 0.50875 0.5183333333333333
0 0.259375 0.745 0.49875 0.5066666666666667
0 0.73875 0.75 0.505 0.4866666666666667
