1 0.905625 0.1673773987206823 0.15625 0.07462686567164178
1 0.635625 0.3400852878464819 0.15125 0.04904051172707889
1 0.77 0.07782515991471216 0.1875 0.07036247334754797
1 0.63875 0.22281449893390193 0.075 0.053304904051172705
3 0.6325 0.15884861407249468 0.035 0.04904051172707889
5 0.635625 0.1886993603411514 0.17125 0.19402985074626866
1 0.196875 0.07462686567164178 0.20125 0.08102345415778252
1 0.178125 0.302771855010661 0.19375 0.0767590618336887
1 0.391875 0.3784648187633262 0.07625 0.04051172707889126
1 0.409375 0.21002132196162046 0.09125 0.057569296375266525
3 0.124375 0.22921108742004265 0.03625 0.053304904051172705
3 0.245625 0.22068230277185502 0.03875 0.057569296375266525
3 0.38125 0.1631130063965885 0.04 0.057569296375266525
3 0.366875 0.3070362473347548 0.03875 0.05970149253731343
1 0.195625 0.5341151385927505 0.09125 0.07889125799573561
1 0.34625 0.6396588486140725 0.0825 0.0511727078891258
1 0.229375 0.7697228144989339 0.05875 0.08102345415778252
1 0.08 0.6535181236673774 0.075 0.04904051172707889
5 0.070625 0.6513859275053305 0.14125 0.11300639658848614
5 0.345625 0.6417910447761194 0.14875 0.1023454157782516
5 0.224375 0.7729211087420043 0.15375 0.10021321961620469
3 0.05875 0.8933901918976546 0.035 0.0511727078891258
3 0.38 0.8880597014925373 0.035 0.04904051172707889
3 0.220625 0.8987206823027718 0.03125 0.04477611940298507
1 0.74 0.6961620469083155 0.07 0.057569296375266525
1 0.76125 0.5714285714285714 0.135 0.09381663113006397
2 0.738125 0.7761194029850746 0.15375 0.1279317697228145
0 0.764375 0.7238805970149254 0.47125 0.5522388059701493
0 0.273125 0.7238805970149254 0.54625 0.5522388059701493
0 0.7725 0.2579957356076759 0.455 0.5159914712153518
0 0.2775 0.23987206823027718 0.555 0.47974413646055436
1 0.9125 0.23560767590618337 0.175 0.04904051172707889
1 0.905 0.32196162046908317 0.1725 0.0511727078891258
1 0.9125 0.2345415778251599 0.175 0.046908315565031986
1 0.905625 0.3230277185501066 0.17125 0.04904051172707889
