1 0.681875 0.6449912126537786 0.09625 0.05272407732864675
1 0.565 0.5017574692442882 0.0875 0.054481546572934976
1 0.560625 0.2671353251318102 0.08875 0.0492091388400703
3 0.54 0.16520210896309315 0.03 0.05975395430579965
3 0.695625 0.14235500878734622 0.02875 0.0492091388400703
4 0.5675 0.1634446397188049 0.1075 0.13708260105448156
4 0.731875 0.14674868189806678 0.11875 0.14586994727592267
3 0.855625 0.12038664323374342 0.02625 0.04745166959578207
4 0.886875 0.1344463971880492 0.11125 0.12478031634446397
1 0.545625 0.04745166959578207 0.07625 0.04569420035149385
5 0.375 0.18014059753954306 0.1075 0.15289982425307558
1 0.37875 0.16695957820738136 0.0975 0.04569420035149385
1 0.243125 0.16695957820738136 0.09125 0.0351493848857645
5 0.240625 0.19420035149384884 0.12375 0.1634446397188049
1 0.11125 0.18629173989455183 0.08 0.04569420035149385
5 0.105 0.21353251318101935 0.1125 0.1634446397188049
1 0.109375 0.06590509666080843 0.11875 0.050966608084358524
1 0.085625 0.34885764499121263 0.06375 0.05799648506151142
1 0.23125 0.31370826010544817 0.065 0.04745166959578207
1 0.388125 0.29525483304042177 0.11125 0.05272407732864675
1 0.09875 0.5606326889279437 0.0825 0.0492091388400703
1 0.35875 0.5474516695957821 0.225 0.06502636203866433
1 0.360625 0.6098418277680141 0.21375 0.0773286467486819
1 0.343125 0.6906854130052724 0.15375 0.05272407732864675
8 0.135 0.7407732864674869 0.1925 0.2126537785588752
1 0.71375 0.24868189806678384 0.0825 0.050966608084358524
1 0.856875 0.22934973637961337 0.06125 0.043936731107205626
0 0.734375 0.22847100175746923 0.51875 0.45694200351493847
0 0.245625 0.2680140597539543 0.49125 0.5360281195079086
0 0.2525 0.7249560632688928 0.505 0.5500878734622144
0 0.74125 0.7161687170474517 0.515 0.5641476274165202
