1 0.54 0.1025 0.0525 0.041666666666666664
1 0.56 0.3425 0.0725 0.03833333333333333
1 0.680625 0.3383333333333333 0.06125 0.03333333333333333
1 0.785625 0.3258333333333333 0.04125 0.035
3 0.78 0.24833333333333332 0.02 0.03666666666666667
3 0.665625 0.2425 0.02125 0.035
3 0.54625 0.24583333333333332 0.0225 0.035
1 0.365 0.2375 0.0825 0.04833333333333333
1 0.249375 0.2325 0.07625 0.03166666666666667
1 0.145625 0.24 0.06875 0.03666666666666667
1 0.13625 0.3425 0.05 0.035
1 0.37 0.33916666666666667 0.07 0.035
1 0.249375 0.32916666666666666 0.04875 0.03166666666666667
1 0.559375 0.49666666666666665 0.07125 0.04
1 0.113125 0.5183333333333333 0.06375 0.04666666666666667
8 0.156875 0.6841666666666667 0.12875 0.15166666666666667
1 0.32875 0.6758333333333333 0.095 0.035
1 0.328125 0.6233333333333333 0.13875 0.04
1 0.293125 0.5725 0.13875 0.051666666666666666
4 0.799375 0.25 0.07625 0.1
4 0.6875 0.2475 0.085 0.10833333333333334
4 0.5725 0.2525 0.09 0.10833333333333334
5 0.36375 0.25416666666666665 0.0925 0.13166666666666665
5 0.25125 0.25 0.09 0.12666666666666668
5 0.1475 0.26 0.085 0.12666666666666668
1 0.675 0.6833333333333333 0.06 0.03
1 0.140625 0.11083333333333334 0.07375 0.041666666666666664
0 0.724375 0.6983333333333334 0.44125 0.49333333333333335
0 0.72 0.27 0.45 0.43
0 0.289375 0.2733333333333333 0.44125 0.43666666666666665
0 0.2925 0.6983333333333334 0.4475 0.49333333333333335
