1 0.096875 0.09115044247787611 0.09625 0.04070796460176991
1 0.10625 0.28938053097345134 0.125 0.04070796460176991
1 0.2725 0.28938053097345134 0.1175 0.033628318584070796
1 0.4475 0.28761061946902655 0.1175 0.033628318584070796
1 0.091875 0.45132743362831856 0.06375 0.03893805309734513
1 0.26 0.4407079646017699 0.0725 0.035398230088495575
1 0.44125 0.4353982300884956 0.1025 0.035398230088495575
1 0.105625 0.5849557522123894 0.06375 0.03716814159292035
1 0.405 0.7353982300884956 0.1725 0.16460176991150444
1 0.591875 0.5769911504424778 0.06375 0.04601769911504425
1 0.686875 0.772566371681416 0.07875 0.04424778761061947
1 0.59125 0.06991150442477877 0.055 0.04070796460176991
1 0.62125 0.23097345132743363 0.075 0.04070796460176991
1 0.769375 0.23805309734513275 0.09625 0.03716814159292035
1 0.895625 0.2407079646017699 0.06125 0.035398230088495575
1 0.62375 0.36283185840707965 0.1 0.03893805309734513
1 0.76625 0.36902654867256635 0.085 0.04424778761061947
1 0.883125 0.368141592920354 0.05625 0.03185840707964602
3 0.099375 0.3513274336283186 0.03875 0.04070796460176991
3 0.26125 0.3584070796460177 0.0375 0.04424778761061947
3 0.433125 0.36106194690265486 0.04125 0.04247787610619469
2 0.611875 0.28407079646017697 0.03375 0.033628318584070796
2 0.759375 0.2929203539823009 0.03625 0.033628318584070796
2 0.889375 0.2920353982300885 0.02875 0.04247787610619469
7 0.2025 0.7752212389380531 0.2375 0.26548672566371684
5 0.115 0.30796460176991153 0.17 0.22300884955752212
5 0.284375 0.315929203539823 0.15875 0.21415929203539824
5 0.4475 0.31504424778761064 0.14 0.20176991150442478
4 0.62875 0.25309734513274335 0.105 0.16283185840707964
4 0.7675 0.2557522123893805 0.105 0.15398230088495576
4 0.901875 0.2672566371681416 0.10625 0.15575221238938053
0 0.2675 0.252212389380531 0.525 0.504424778761062
0 0.764375 0.27079646017699116 0.45125 0.5168141592920354
0 0.25125 0.7380530973451327 0.485 0.42123893805309737
0 0.751875 0.7300884955752213 0.47625 0.4230088495575221
