1 0.205625 0.125 0.25125 0.05
1 0.254375 0.25333333333333335 0.17375 0.10666666666666667
2 0.24625 0.24416666666666667 0.3 0.195
1 0.093125 0.48083333333333333 0.08375 0.07166666666666667
7 0.28125 0.6375 0.46 0.3983333333333333
3 0.449375 0.45416666666666666 0.04875 0.065
3 0.379375 0.4791666666666667 0.04125 0.06833333333333333
3 0.2725 0.5775 0.0425 0.051666666666666666
3 0.171875 0.6166666666666667 0.03125 0.05
1 0.121875 0.06916666666666667 0.07375 0.03833333333333333
1 0.57375 0.050833333333333335 0.0875 0.06833333333333333
1 0.64 0.19666666666666666 0.22 0.20666666666666667
1 0.86875 0.13583333333333333 0.0875 0.051666666666666666
1 0.608125 0.32666666666666666 0.07625 0.04666666666666667
4 0.610625 0.3325 0.14875 0.07166666666666667
2 0.8725 0.23333333333333334 0.135 0.11
4 0.8825 0.18166666666666667 0.21 0.24666666666666667
1 0.59125 0.43916666666666665 0.085 0.041666666666666664
1 0.765 0.44 0.1025 0.04
4 0.77875 0.43583333333333335 0.24 0.09166666666666666
1 0.75375 0.5283333333333333 0.3275 0.06666666666666667
1 0.58625 0.6191666666666666 0.0625 0.035
3 0.58375 0.655 0.035 0.04666666666666667
5 0.5825 0.6416666666666667 0.085 0.12333333333333334
1 0.735 0.6341666666666667 0.0925 0.045
3 0.723125 0.68 0.04375 0.04
5 0.7275 0.6691666666666667 0.165 0.16833333333333333
1 0.9 0.6258333333333334 0.06 0.041666666666666664
3 0.890625 0.6858333333333333 0.05625 0.065
5 0.896875 0.6683333333333333 0.13125 0.18333333333333332
1 0.5775 0.7641666666666667 0.0675 0.058333333333333334
1 0.720625 0.7941666666666667 0.07875 0.051666666666666666
1 0.88625 0.8033333333333333 0.0875 0.056666666666666664
0 0.751875 0.6741666666666667 0.49625 0.6516666666666666
0 0.26375 0.695 0.5275 0.61
0 0.2625 0.21166666666666667 0.525 0.42333333333333334
0 0.751875 0.20083333333333334 0.49625 0.40166666666666667
