1 0.71375 0.5809090909090909 0.13 0.07090909090909091
1 0.68875 0.6709090909090909 0.0575 0.02909090909090909
2 0.700625 0.77 0.15375 0.15454545454545454
1 0.6875 0.12090909090909091 0.1625 0.05272727272727273
3 0.564375 0.22727272727272727 0.03125 0.04
1 0.56875 0.2772727272727273 0.055 0.04181818181818182
5 0.561875 0.25363636363636366 0.10875 0.15454545454545454
1 0.58125 0.3790909090909091 0.13 0.038181818181818185
1 0.7925 0.21181818181818182 0.1575 0.045454545454545456
1 0.8075 0.27545454545454545 0.1825 0.05272727272727273
1 0.78875 0.35363636363636364 0.145 0.045454545454545456
1 0.2375 0.7163636363636363 0.0575 0.05090909090909091
1 0.34875 0.6418181818181818 0.055 0.03636363636363636
1 0.14125 0.6536363636363637 0.0575 0.038181818181818185
1 0.258125 0.5863636363636363 0.07875 0.05272727272727273
1 0.251875 0.12272727272727273 0.14125 0.05272727272727273
1 0.37 0.2972727272727273 0.075 0.034545454545454546
1 0.36125 0.4763636363636364 0.05 0.03272727272727273
1 0.225625 0.4081818181818182 0.07375 0.04909090909090909
1 0.105 0.4036363636363636 0.0475 0.03636363636363636
3 0.106875 0.34363636363636363 0.03375 0.04727272727272727
3 0.208125 0.3472727272727273 0.03375 0.04
3 0.3575 0.25363636363636366 0.035 0.038181818181818185
3 0.355 0.4263636363636364 0.03 0.034545454545454546
3 0.1475 0.8545454545454545 0.03 0.04
3 0.255625 0.8527272727272728 0.03125 0.04
3 0.388125 0.8463636363636363 0.02875 0.038181818181818185
5 0.144375 0.6509090909090909 0.10125 0.08
5 0.343125 0.6409090909090909 0.10875 0.07818181818181819
5 0.24125 0.7136363636363636 0.0975 0.08545454545454545
0 0.260625 0.28363636363636363 0.47125 0.5163636363636364
0 0.73 0.2809090909090909 0.4925 0.5072727272727273
0 0.7325 0.7518181818181818 0.4875 0.48545454545454547
0 0.265625 0.7536363636363637 0.48375 0.4636363636363636
