1 0.20125 0.12625 0.06 0.0575
1 0.194375 0.35625 0.04375 0.0475
1 0.27125 0.3475 0.045 0.045
1 0.380625 0.36875 0.06875 0.0475
5 0.206875 0.2425 0.07625 0.125
3 0.59875 0.23625 0.0175 0.0425
3 0.6975 0.23375 0.025 0.0325
3 0.49 0.23 0.0175 0.035
1 0.495 0.11875 0.04 0.0375
1 0.495625 0.36875 0.05875 0.0575
1 0.60875 0.38375 0.06 0.0725
1 0.728125 0.37375 0.03875 0.0475
1 0.3525 0.61125 0.1425 0.0725
1 0.3625 0.675 0.1375 0.05
1 0.34875 0.7425 0.0875 0.045
1 0.19125 0.56125 0.0575 0.0525
1 0.500625 0.55625 0.06125 0.0675
5 0.28625 0.2475 0.0775 0.115
5 0.389375 0.255 0.12125 0.17
1 0.205 0.24 0.0625 0.045
1 0.289375 0.24625 0.06125 0.0425
1 0.38875 0.25625 0.105 0.0525
4 0.510625 0.23875 0.07875 0.1125
4 0.613125 0.2525 0.07375 0.145
4 0.715 0.2475 0.08 0.15
1 0.57125 0.69 0.0575 0.04
8 0.233125 0.75875 0.14375 0.2325
0 0.30125 0.285 0.3275 0.445
0 0.62 0.28625 0.3375 0.4425
0 0.28625 0.7325 0.345 0.505
0 0.6275 0.73375 0.36 0.5075
