1 0.5475 0.535 0.065 0.03666666666666667
1 0.618125 0.6725 0.10375 0.051666666666666666
1 0.568125 0.3908333333333333 0.07625 0.03833333333333333
1 0.68125 0.37833333333333335 0.0725 0.05
1 0.8025 0.37 0.0475 0.03
1 0.8125 0.2816666666666667 0.0475 0.03333333333333333
1 0.694375 0.2875 0.07625 0.045
1 0.5675 0.2925 0.0625 0.045
1 0.546875 0.15583333333333332 0.06625 0.035
1 0.423125 0.295 0.10875 0.06
1 0.4275 0.4191666666666667 0.095 0.03833333333333333
1 0.291875 0.2675 0.08875 0.028333333333333332
1 0.285 0.41583333333333333 0.0625 0.03166666666666667
1 0.146875 0.4325 0.05625 0.055
1 0.150625 0.2683333333333333 0.07625 0.02666666666666667
1 0.178125 0.1475 0.08625 0.04833333333333333
1 0.37625 0.6166666666666667 0.175 0.05
1 0.378125 0.6791666666666667 0.17125 0.051666666666666666
1 0.366875 0.7408333333333333 0.14375 0.041666666666666664
1 0.14375 0.5508333333333333 0.07 0.035
8 0.175 0.725 0.145 0.19666666666666666
2 0.145625 0.32416666666666666 0.05125 0.045
2 0.29375 0.32166666666666666 0.0625 0.05
2 0.419375 0.3375 0.05375 0.045
3 0.528125 0.2833333333333333 0.01875 0.03333333333333333
3 0.6475 0.2841666666666667 0.02 0.035
3 0.778125 0.2816666666666667 0.02125 0.03333333333333333
4 0.810625 0.2875 0.09625 0.11166666666666666
4 0.685625 0.29 0.09875 0.10666666666666667
4 0.563125 0.29 0.09875 0.11
5 0.415 0.325 0.1275 0.15666666666666668
5 0.290625 0.31083333333333335 0.11875 0.155
5 0.153125 0.3075 0.11875 0.16166666666666665
0 0.71125 0.6916666666666667 0.46 0.43333333333333335
0 0.276875 0.6908333333333333 0.41375 0.4216666666666667
0 0.719375 0.2825 0.47375 0.415
0 0.279375 0.2841666666666667 0.42375 0.42833333333333334
