5 0.129375 0.20052083333333334 0.09375 0.1232638888888889
5 0.27375 0.2013888888888889 0.085 0.1076388888888889
5 0.41 0.2048611111111111 0.11 0.12152777777777778
3 0.611875 0.1675347222222222 0.02375 0.03298611111111111
3 0.620625 0.2517361111111111 0.02375 0.034722222222222224
3 0.625 0.3463541666666667 0.0225 0.03298611111111111
1 0.674375 0.3480902777777778 0.04875 0.03298611111111111
1 0.698125 0.2543402777777778 0.10875 0.026041666666666668
1 0.664375 0.1762152777777778 0.05875 0.026041666666666668
1 0.42625 0.3324652777777778 0.0825 0.029513888888888888
1 0.261875 0.3211805555555556 0.05875 0.03125
1 0.113125 0.3255208333333333 0.05625 0.036458333333333336
1 0.129375 0.5338541666666666 0.07875 0.03298611111111111
7 0.18625 0.7222222222222222 0.21 0.2569444444444444
1 0.399375 0.5538194444444444 0.20125 0.052083333333333336
1 0.616875 0.5364583333333334 0.06625 0.03819444444444445
1 0.82625 0.17274305555555555 0.1075 0.029513888888888888
1 0.866875 0.2690972222222222 0.12625 0.034722222222222224
1 0.848125 0.3767361111111111 0.12875 0.03819444444444445
4 0.656875 0.3567708333333333 0.13875 0.0920138888888889
4 0.68 0.2586805555555556 0.185 0.08333333333333333
1 0.578125 0.0920138888888889 0.04625 0.027777777777777776
4 0.649375 0.1640625 0.12375 0.07465277777777778
1 0.1425 0.1015625 0.0975 0.03993055555555555
1 0.678125 0.6848958333333334 0.09875 0.06076388888888889
1 0.410625 0.609375 0.18875 0.034722222222222224
1 0.39375 0.6927083333333334 0.1025 0.041666666666666664
0 0.73875 0.734375 0.4725 0.4861111111111111
0 0.743125 0.2821180555555556 0.46125 0.4635416666666667
0 0.26625 0.7222222222222222 0.5 0.4895833333333333
0 0.278125 0.2560763888888889 0.48875 0.4739583333333333
