1 0.9225 0.20747217806041335 0.0725 0.04292527821939587
1 0.783125 0.19395866454689983 0.12875 0.034976152623211444
1 0.603125 0.19475357710651828 0.08375 0.0492845786963434
1 0.555625 0.06597774244833068 0.06125 0.0492845786963434
1 0.616875 0.5548489666136724 0.08625 0.04133545310015898
1 0.738125 0.7432432432432432 0.09875 0.0397456279809221
1 0.913125 0.3863275039745628 0.07125 0.03815580286168521
1 0.77625 0.40858505564387915 0.095 0.057233704292527825
1 0.605 0.41573926868044514 0.1075 0.058823529411764705
1 0.423125 0.21144674085850557 0.14625 0.05405405405405406
1 0.254375 0.212241653418124 0.13875 0.03656597774244833
1 0.085625 0.21701112877583467 0.10875 0.0397456279809221
1 0.081875 0.04133545310015898 0.11375 0.04451510333863275
3 0.405625 0.27503974562798095 0.03875 0.03815580286168521
3 0.248125 0.27980922098569155 0.03375 0.034976152623211444
3 0.08 0.28537360890302066 0.045 0.0492845786963434
4 0.92625 0.23767885532591415 0.14 0.16375198728139906
4 0.778125 0.2289348171701113 0.14875 0.1589825119236884
4 0.610625 0.22972972972972974 0.16125 0.17965023847376788
5 0.41875 0.24562798092209856 0.17 0.2178060413354531
5 0.248125 0.24403815580286167 0.16625 0.20508744038155802
5 0.088125 0.26073131955484896 0.14625 0.23211446740858505
1 0.434375 0.41573926868044514 0.12125 0.03656597774244833
1 0.2425 0.42527821939586646 0.0725 0.04292527821939587
1 0.085625 0.43720190779014306 0.07125 0.05087440381558029
1 0.42875 0.6891891891891891 0.2075 0.23370429252782193
1 0.08875 0.5930047694753577 0.0875 0.04769475357710652
7 0.23125 0.7980922098569158 0.27 0.28298887122416533
4 0.763125 0.7360890302066773 0.46875 0.5278219395866455
4 0.266875 0.7408585055643879 0.51875 0.5151033386327504
4 0.260625 0.24324324324324326 0.51375 0.4769475357710652
4 0.759375 0.2368839427662957 0.46875 0.4642289348171701
