3 0.660625 0.13240418118466898 0.01125 0.024390243902439025
3 0.661875 0.2874564459930314 0.01125 0.020905923344947737
3 0.664375 0.43902439024390244 0.01375 0.020905923344947737
5 0.148125 0.25522648083623695 0.13375 0.18641114982578397
7 0.196875 0.8092334494773519 0.17875 0.23867595818815332
0 0.76875 0.7473867595818815 0.4625 0.5052264808362369
4 0.69625 0.1367595818815331 0.0925 0.13066202090592335
0 0.77 0.259581881533101 0.46 0.519163763066202
0 0.273125 0.24912891986062718 0.54625 0.49825783972125437
0 0.270625 0.7421602787456446 0.54125 0.5156794425087108
4 0.698125 0.29094076655052264 0.09375 0.1289198606271777
4 0.69875 0.43902439024390244 0.0925 0.1289198606271777
1 0.59625 0.05574912891986063 0.06 0.03484320557491289
1 0.69625 0.1367595818815331 0.0475 0.02613240418118467
1 0.70375 0.2857142857142857 0.07 0.020905923344947737
1 0.6925 0.43989547038327526 0.0375 0.02264808362369338
1 0.813125 0.44686411149825783 0.10125 0.036585365853658534
1 0.821875 0.2979094076655052 0.11875 0.0313588850174216
1 0.81375 0.13501742160278746 0.0875 0.04006968641114982
1 0.728125 0.7822299651567944 0.07375 0.04529616724738676
1 0.605625 0.5505226480836237 0.06875 0.03484320557491289
1 0.445625 0.382404181184669 0.07875 0.029616724738675958
5 0.3 0.2569686411149826 0.1325 0.18641114982578397
5 0.450625 0.2604529616724739 0.13375 0.18641114982578397
1 0.294375 0.37282229965156793 0.04875 0.0313588850174216
1 0.14875 0.37543554006968644 0.0525 0.033101045296167246
1 0.14625 0.05574912891986063 0.09 0.03484320557491289
1 0.421875 0.7012195121951219 0.18625 0.04006968641114982
1 0.43125 0.7560975609756098 0.16 0.027874564459930314
1 0.418125 0.8083623693379791 0.08625 0.03832752613240418
1 0.136875 0.5496515679442509 0.06875 0.033101045296167246
