0 0.68625 0.24888888888888888 0.3625 0.4533333333333333
0 0.343125 0.7011111111111111 0.41875 0.5666666666666667
0 0.32625 0.23666666666666666 0.405 0.46444444444444444
0 0.696875 0.6944444444444444 0.34125 0.5444444444444444
1 0.165625 0.03222222222222222 0.07875 0.05555555555555555
5 0.19 0.20333333333333334 0.1 0.15777777777777777
5 0.309375 0.20555555555555555 0.09625 0.16666666666666666
5 0.425625 0.21222222222222223 0.09625 0.18444444444444444
1 0.19 0.3322222222222222 0.06 0.04666666666666667
1 0.2975 0.3288888888888889 0.065 0.04
1 0.425 0.3433333333333333 0.09 0.04666666666666667
7 0.23 0.6555555555555556 0.18 0.24
1 0.45125 0.56 0.1575 0.05333333333333334
1 0.458125 0.6288888888888889 0.14875 0.04
1 0.449375 0.6955555555555556 0.10875 0.04
1 0.66 0.61 0.0575 0.06444444444444444
1 0.6025 0.4688888888888889 0.06 0.035555555555555556
1 0.726875 0.36777777777777776 0.10375 0.06888888888888889
1 0.740625 0.2611111111111111 0.13375 0.051111111111111114
1 0.72125 0.14666666666666667 0.07 0.06222222222222222
1 0.5675 0.06555555555555556 0.06 0.042222222222222223
1 0.59625 0.14888888888888888 0.035 0.03111111111111111
3 0.570625 0.14666666666666667 0.01375 0.02666666666666667
4 0.59125 0.14777777777777779 0.06 0.07333333333333333
1 0.59375 0.2611111111111111 0.0525 0.03333333333333333
3 0.560625 0.25666666666666665 0.01375 0.024444444444444446
4 0.5875 0.25666666666666665 0.0725 0.08222222222222222
3 0.566875 0.37444444444444447 0.02125 0.042222222222222223
1 0.604375 0.37777777777777777 0.03875 0.03111111111111111
4 0.59625 0.3711111111111111 0.0875 0.09333333333333334
