1 0.675625 0.67 0.06375 0.03333333333333333
1 0.506875 0.4658333333333333 0.06625 0.028333333333333332
0 0.7275 0.69 0.5375 0.56
0 0.726875 0.255 0.53125 0.44333333333333336
4 0.66875 0.09416666666666666 0.0975 0.08833333333333333
4 0.67125 0.22 0.1075 0.11
4 0.66875 0.3516666666666667 0.1075 0.10666666666666667
3 0.633125 0.21083333333333334 0.02375 0.041666666666666664
3 0.638125 0.085 0.02125 0.03666666666666667
3 0.63125 0.3433333333333333 0.0275 0.03666666666666667
1 0.67375 0.35 0.0525 0.04
1 0.82 0.36083333333333334 0.1425 0.058333333333333334
1 0.67875 0.2125 0.0775 0.025
1 0.83 0.21916666666666668 0.145 0.035
1 0.810625 0.1 0.10375 0.04
1 0.67375 0.0875 0.0525 0.025
1 0.50375 0.09416666666666666 0.0525 0.03833333333333333
1 0.07875 0.4691666666666667 0.0775 0.03166666666666667
1 0.375625 0.48583333333333334 0.15625 0.03833333333333333
1 0.378125 0.5358333333333334 0.15375 0.03166666666666667
1 0.356875 0.5958333333333333 0.10125 0.041666666666666664
7 0.19 0.6566666666666666 0.195 0.2
1 0.066875 0.08 0.09125 0.03333333333333333
1 0.08375 0.3458333333333333 0.0625 0.03166666666666667
1 0.230625 0.33166666666666667 0.05875 0.02666666666666667
1 0.375 0.335 0.0925 0.03
5 0.094375 0.23333333333333334 0.11375 0.14333333333333334
5 0.244375 0.22333333333333333 0.09875 0.12333333333333334
5 0.383125 0.23333333333333334 0.10625 0.13333333333333333
0 0.234375 0.685 0.46875 0.5766666666666667
0 0.23375 0.22333333333333333 0.465 0.4033333333333333
