1 0.08375 0.4191666666666667 0.0625 0.04833333333333333
1 0.23625 0.4066666666666667 0.0675 0.03666666666666667
1 0.38625 0.4091666666666667 0.0975 0.045
1 0.579375 0.38166666666666665 0.07375 0.043333333333333335
1 0.728125 0.37833333333333335 0.07625 0.03666666666666667
1 0.8775 0.3675 0.0475 0.035
1 0.080625 0.5658333333333333 0.08125 0.045
1 0.568125 0.5316666666666666 0.06875 0.043333333333333335
1 0.073125 0.08833333333333333 0.08625 0.043333333333333335
1 0.5525 0.155 0.0525 0.03666666666666667
5 0.1125 0.2866666666666667 0.1325 0.19333333333333333
5 0.25 0.285 0.1275 0.19
5 0.401875 0.2875 0.16875 0.185
4 0.59375 0.28833333333333333 0.1275 0.09333333333333334
4 0.7575 0.29 0.145 0.09666666666666666
4 0.890625 0.2966666666666667 0.07625 0.08333333333333333
8 0.159375 0.7575 0.22125 0.215
1 0.36 0.5808333333333333 0.205 0.055
1 0.396875 0.64 0.19875 0.04666666666666667
1 0.41875 0.6975 0.155 0.041666666666666664
3 0.546875 0.2816666666666667 0.01625 0.02666666666666667
3 0.705 0.285 0.015 0.02666666666666667
3 0.8675 0.2891666666666667 0.015 0.025
1 0.665625 0.6808333333333333 0.12125 0.051666666666666666
1 0.595 0.28583333333333333 0.065 0.041666666666666664
1 0.770625 0.2733333333333333 0.09625 0.04
1 0.89875 0.29 0.0375 0.03
2 0.093125 0.3125 0.04875 0.04833333333333333
2 0.245 0.32 0.05 0.05
2 0.380625 0.32 0.05625 0.05333333333333334
0 0.259375 0.2675 0.51375 0.4583333333333333
0 0.73625 0.29583333333333334 0.46 0.405
0 0.25875 0.7258333333333333 0.5175 0.465
0 0.72875 0.725 0.4625 0.4666666666666667
