1 0.70125 0.51985559566787 0.235 0.09747292418772563
1 0.263125 0.11191335740072202 0.17625 0.07581227436823104
1 0.2525 0.5388086642599278 0.09 0.10649819494584838
1 0.671875 0.1371841155234657 0.15625 0.08664259927797834
1 0.57125 0.35379061371841153 0.1475 0.039711191335740074
1 0.781875 0.3267148014440433 0.15625 0.04693140794223827
1 0.79625 0.26895306859205775 0.1775 0.061371841155234655
1 0.793125 0.2148014440433213 0.15875 0.06498194945848375
1 0.365625 0.37274368231046934 0.07125 0.03790613718411552
1 0.564375 0.27256317689530685 0.06875 0.05054151624548736
1 0.10375 0.3104693140794224 0.0625 0.036101083032490974
1 0.246875 0.30866425992779783 0.06875 0.05776173285198556
1 0.403125 0.2148014440433213 0.10375 0.036101083032490974
1 0.385625 0.5929602888086642 0.06125 0.04151624548736462
1 0.2875 0.694043321299639 0.08 0.0776173285198556
1 0.18 0.6083032490974729 0.0775 0.039711191335740074
5 0.17625 0.605595667870036 0.11 0.11010830324909747
5 0.29 0.6832129963898917 0.1325 0.11010830324909747
5 0.39 0.5956678700361011 0.085 0.08664259927797834
3 0.563125 0.22743682310469315 0.03375 0.036101083032490974
3 0.098125 0.2545126353790614 0.03375 0.04332129963898917
3 0.24875 0.24548736462093862 0.0325 0.036101083032490974
3 0.379375 0.17418772563176896 0.03375 0.04151624548736462
3 0.35625 0.3240072202166065 0.0325 0.04512635379061372
3 0.1225 0.8014440433212996 0.0275 0.04693140794223827
3 0.29125 0.8429602888086642 0.025 0.04693140794223827
3 0.41125 0.8086642599277978 0.025 0.04693140794223827
5 0.56875 0.25541516245487367 0.1075 0.12815884476534295
2 0.69 0.6868231046931408 0.115 0.10649819494584838
1 0.71875 0.6137184115523465 0.065 0.02888086642599278
0 0.715625 0.2283393501805054 0.47375 0.3989169675090253
0 0.273125 0.2319494584837545 0.44375 0.41696750902527074
0 0.71625 0.6841155234657039 0.4925 0.5595667870036101
0 0.266875 0.6868231046931408 0.43375 0.5649819494584838
