1 0.061875 0.0446969696969697 0.09875 0.05606060606060606
1 0.155 0.13787878787878788 0.27 0.07878787878787878
1 0.570625 0.055303030303030305 0.10125 0.05909090909090909
1 0.611875 0.28106060606060607 0.21375 0.3015151515151515
1 0.58375 0.4727272727272727 0.07 0.048484848484848485
1 0.83875 0.25984848484848483 0.1 0.06212121212121212
1 0.54 0.5681818181818182 0.08 0.06666666666666667
1 0.693125 0.7136363636363636 0.33625 0.08484848484848485
1 0.740625 0.6318181818181818 0.09125 0.04242424242424243
1 0.885625 0.7871212121212121 0.07875 0.04393939393939394
1 0.743125 0.8053030303030303 0.09875 0.05303030303030303
1 0.5825 0.8053030303030303 0.08 0.05606060606060606
1 0.91125 0.9295454545454546 0.03 0.05606060606060606
1 0.763125 0.9333333333333333 0.04875 0.06060606060606061
1 0.603125 0.9340909090909091 0.04375 0.06212121212121212
1 0.258125 0.3234848484848485 0.07375 0.07424242424242425
1 0.229375 0.4022727272727273 0.21125 0.06818181818181818
4 0.745 0.6234848484848485 0.18 0.07727272727272727
4 0.86375 0.29772727272727273 0.25 0.25303030303030305
2 0.235 0.31742424242424244 0.3225 0.27121212121212124
1 0.05125 0.5886363636363636 0.09 0.07121212121212121
3 0.17 0.7401515151515151 0.045 0.07424242424242425
3 0.26375 0.7037878787878787 0.045 0.06212121212121212
3 0.333125 0.6765151515151515 0.05375 0.05606060606060606
3 0.40625 0.656060606060606 0.045 0.05454545454545454
3 0.72625 0.8484848484848485 0.05 0.048484848484848485
3 0.885625 0.8424242424242424 0.04375 0.03636363636363636
3 0.58375 0.8386363636363636 0.045 0.04696969696969697
5 0.7375 0.8204545454545454 0.145 0.14393939393939395
5 0.58375 0.8212121212121212 0.1275 0.1393939393939394
5 0.896875 0.8136363636363636 0.13625 0.1393939393939394
7 0.265 0.7787878787878788 0.4225 0.30303030303030304
2 0.85 0.34015151515151515 0.125 0.0893939393939394
0 0.7475 0.26590909090909093 0.505 0.5136363636363637
0 0.25 0.26590909090909093 0.4975 0.5227272727272727
0 0.740625 0.7606060606060606 0.50625 0.4666666666666667
0 0.2425 0.7651515151515151 0.485 0.46060606060606063
4 0.5925 0.4727272727272727 0.13 0.06060606060606061
