2 0.549375 0.30916666666666665 0.03625 0.028333333333333332
2 0.7425 0.31833333333333336 0.0475 0.03333333333333333
2 0.906875 0.32083333333333336 0.04375 0.03833333333333333
3 0.37875 0.28833333333333333 0.0275 0.03333333333333333
3 0.23125 0.2658333333333333 0.0325 0.028333333333333332
3 0.081875 0.24583333333333332 0.03125 0.028333333333333332
7 0.175 0.725 0.1875 0.2633333333333333
1 0.355625 0.6958333333333333 0.18125 0.185
1 0.08875 0.5141666666666667 0.0775 0.04833333333333333
1 0.54625 0.5608333333333333 0.07 0.03833333333333333
1 0.621875 0.7408333333333333 0.07875 0.03833333333333333
1 0.9 0.395 0.055 0.03333333333333333
1 0.741875 0.4083333333333333 0.07125 0.05333333333333334
1 0.555625 0.39916666666666667 0.09875 0.035
1 0.55875 0.26416666666666666 0.0625 0.03166666666666667
1 0.753125 0.27 0.09375 0.03333333333333333
1 0.9025 0.27416666666666667 0.0625 0.028333333333333332
1 0.536875 0.0875 0.07125 0.041666666666666664
1 0.10375 0.0525 0.115 0.041666666666666664
1 0.37625 0.3625 0.1 0.03166666666666667
1 0.23 0.33666666666666667 0.0625 0.03333333333333333
1 0.085 0.3233333333333333 0.07 0.03333333333333333
1 0.37375 0.25333333333333335 0.095 0.03333333333333333
1 0.24 0.23083333333333333 0.075 0.03166666666666667
1 0.090625 0.21333333333333335 0.08875 0.02666666666666667
4 0.55875 0.2833333333333333 0.1075 0.15333333333333332
4 0.74875 0.29833333333333334 0.115 0.15
4 0.906875 0.2975 0.10875 0.145
5 0.233125 0.25333333333333335 0.10375 0.12333333333333334
5 0.37375 0.26666666666666666 0.115 0.13666666666666666
5 0.086875 0.23333333333333334 0.10375 0.12333333333333334
0 0.729375 0.25416666666666665 0.53625 0.5083333333333333
0 0.24375 0.24666666666666667 0.4825 0.49333333333333335
0 0.23875 0.7375 0.4625 0.525
0 0.725 0.745 0.55 0.51
