0 0.24875 0.22589285714285715 0.4975 0.4517857142857143
0 0.74625 0.22410714285714287 0.505 0.44821428571428573
0 0.748125 0.7241071428571428 0.50375 0.5482142857142858
0 0.24875 0.7267857142857143 0.4975 0.5464285714285714
1 0.549375 0.03660714285714286 0.06625 0.04107142857142857
3 0.59125 0.10892857142857143 0.0175 0.03214285714285714
1 0.624375 0.10535714285714286 0.05125 0.03214285714285714
3 0.579375 0.24107142857142858 0.02375 0.03571428571428571
1 0.65125 0.22857142857142856 0.11 0.039285714285714285
4 0.635625 0.2357142857142857 0.15375 0.125
4 0.616875 0.35982142857142857 0.11625 0.09821428571428571
3 0.583125 0.35982142857142857 0.02375 0.0375
1 0.629375 0.35267857142857145 0.05625 0.033928571428571426
4 0.616875 0.10803571428571429 0.08625 0.10535714285714286
1 0.8225 0.3410714285714286 0.165 0.05357142857142857
1 0.831875 0.19732142857142856 0.17125 0.055357142857142855
1 0.803125 0.08928571428571429 0.09375 0.04285714285714286
1 0.5725 0.5080357142857143 0.0825 0.05892857142857143
1 0.6625 0.6678571428571428 0.115 0.05357142857142857
1 0.3775 0.5696428571428571 0.225 0.06428571428571428
1 0.370625 0.6375 0.22625 0.05714285714285714
1 0.34 0.7205357142857143 0.12 0.044642857142857144
7 0.114375 0.7428571428571429 0.19625 0.24285714285714285
1 0.064375 0.5491071428571429 0.08625 0.06607142857142857
1 0.0875 0.33214285714285713 0.09 0.05357142857142857
1 0.2525 0.3196428571428571 0.0675 0.04642857142857143
1 0.408125 0.31607142857142856 0.12625 0.05357142857142857
5 0.4125 0.19642857142857142 0.1275 0.16428571428571428
5 0.265 0.19375 0.125 0.16607142857142856
5 0.1125 0.19375 0.15 0.1982142857142857
1 0.080625 0.05178571428571429 0.11125 0.04285714285714286
