1 0.188125 0.1161504424778761 0.07625 0.05530973451327434
1 0.19125 0.5542035398230089 0.0675 0.06858407079646017
1 0.540625 0.1172566371681416 0.05875 0.061946902654867256
1 0.550625 0.5519911504424779 0.05625 0.06415929203539823
1 0.609375 0.7267699115044248 0.05625 0.1084070796460177
1 0.411875 0.7223451327433629 0.16625 0.21902654867256638
1 0.336875 0.22013274336283187 0.08625 0.03761061946902655
1 0.199375 0.22123893805309736 0.05625 0.035398230088495575
1 0.275 0.37057522123893805 0.065 0.03761061946902655
1 0.545 0.290929203539823 0.045 0.059734513274336286
1 0.670625 0.28982300884955753 0.06375 0.05309734513274336
1 0.795 0.28982300884955753 0.0425 0.05752212389380531
4 0.8 0.2842920353982301 0.075 0.12168141592920353
4 0.670625 0.28650442477876104 0.07625 0.11283185840707964
4 0.55375 0.288716814159292 0.075 0.12168141592920353
6 0.236875 0.7798672566371682 0.12875 0.2234513274336283
5 0.27375 0.3893805309734513 0.0925 0.1504424778761062
5 0.33625 0.22676991150442477 0.1025 0.13495575221238937
5 0.201875 0.23008849557522124 0.07125 0.11061946902654868
0 0.688125 0.7334070796460177 0.35375 0.44026548672566373
0 0.688125 0.2831858407079646 0.35875 0.45132743362831856
0 0.325 0.2754424778761062 0.3625 0.4358407079646018
0 0.325625 0.7234513274336283 0.36375 0.4424778761061947
2 0.2 0.2577433628318584 0.045 0.05088495575221239
2 0.331875 0.25995575221238937 0.04625 0.05088495575221239
2 0.2725 0.42035398230088494 0.045 0.06637168141592921
