1 0.11875 0.08916666666666667 0.1 0.04833333333333333
1 0.130625 0.23666666666666666 0.11375 0.043333333333333335
1 0.271875 0.245 0.09625 0.03333333333333333
1 0.42375 0.26 0.155 0.043333333333333335
3 0.1125 0.30583333333333335 0.0275 0.045
3 0.26625 0.30333333333333334 0.0325 0.04
3 0.4125 0.30916666666666665 0.0325 0.041666666666666664
5 0.11875 0.2708333333333333 0.14 0.19833333333333333
5 0.25875 0.2916666666666667 0.1325 0.20333333333333334
5 0.424375 0.29083333333333333 0.18375 0.18833333333333332
1 0.1125 0.41083333333333333 0.0675 0.04833333333333333
1 0.249375 0.4141666666666667 0.08125 0.035
1 0.418125 0.41333333333333333 0.11625 0.04
0 0.284375 0.26166666666666666 0.51125 0.48
1 0.56375 0.13916666666666666 0.0525 0.035
1 0.595 0.2658333333333333 0.055 0.03166666666666667
2 0.581875 0.3125 0.02875 0.03166666666666667
4 0.603125 0.2875 0.12125 0.135
1 0.749375 0.25583333333333336 0.10375 0.03166666666666667
2 0.734375 0.31166666666666665 0.03875 0.043333333333333335
4 0.74875 0.2841666666666667 0.1225 0.13166666666666665
1 0.879375 0.2633333333333333 0.04875 0.02666666666666667
2 0.873125 0.305 0.03375 0.03
4 0.8775 0.285 0.0775 0.10666666666666667
1 0.590625 0.3975 0.08375 0.03166666666666667
1 0.73 0.38333333333333336 0.0775 0.03666666666666667
1 0.869375 0.37333333333333335 0.04625 0.03333333333333333
0 0.73875 0.28583333333333333 0.4525 0.40166666666666667
7 0.19375 0.8166666666666667 0.255 0.30666666666666664
1 0.101875 0.5566666666666666 0.09875 0.04666666666666667
1 0.4025 0.6008333333333333 0.2375 0.051666666666666666
0 0.29625 0.7341666666666666 0.535 0.5083333333333333
1 0.69125 0.6483333333333333 0.1025 0.05333333333333334
1 0.590625 0.5258333333333334 0.07125 0.058333333333333334
0 0.76625 0.7216666666666667 0.465 0.53
1 0.428125 0.6533333333333333 0.18875 0.06
1 0.445625 0.7216666666666667 0.07875 0.05333333333333334
