1 0.670625 0.5491666666666667 0.08625 0.03166666666666667
1 0.561875 0.46416666666666667 0.06125 0.03166666666666667
1 0.823125 0.25 0.04375 0.03
1 0.711875 0.26916666666666667 0.07625 0.051666666666666666
1 0.576875 0.29 0.09375 0.05
1 0.396875 0.61 0.13125 0.03666666666666667
1 0.375625 0.5575 0.18875 0.045
1 0.358125 0.5133333333333333 0.19125 0.05333333333333334
1 0.150625 0.48333333333333334 0.07625 0.03333333333333333
1 0.415 0.29 0.0825 0.03333333333333333
1 0.2675 0.29333333333333333 0.0625 0.03
1 0.12375 0.31 0.07 0.05
1 0.55125 0.0425 0.05 0.03166666666666667
1 0.15375 0.0275 0.09 0.03833333333333333
1 0.430625 0.1775 0.10125 0.03833333333333333
1 0.27875 0.175 0.0975 0.03
1 0.12625 0.18166666666666667 0.1 0.043333333333333335
3 0.543125 0.17833333333333334 0.02125 0.03333333333333333
3 0.680625 0.17166666666666666 0.02125 0.03333333333333333
3 0.81375 0.16083333333333333 0.02 0.028333333333333332
4 0.846875 0.165 0.11625 0.11333333333333333
4 0.7175 0.1775 0.1125 0.12833333333333333
4 0.576875 0.18333333333333332 0.11375 0.12
8 0.22 0.6483333333333333 0.2225 0.19666666666666666
5 0.12875 0.19833333333333333 0.13 0.15333333333333332
5 0.28125 0.18166666666666667 0.1175 0.13666666666666666
5 0.428125 0.1775 0.10875 0.13166666666666665
0 0.749375 0.22833333333333333 0.50125 0.4166666666666667
0 0.755 0.6475 0.49 0.46166666666666667
0 0.30875 0.6558333333333334 0.4675 0.4583333333333333
0 0.28875 0.22916666666666666 0.455 0.445
