4 0.67375 0.17636022514071295 0.185 0.10318949343339587
5 0.175625 0.274859287054409 0.19125 0.12382739212007504
3 0.603125 0.17401500938086303 0.03375 0.040337711069418386
1 0.680625 0.1702626641651032 0.11125 0.04409005628517824
3 0.608125 0.3142589118198874 0.02875 0.028142589118198873
1 0.701875 0.30956848030018763 0.15125 0.0375234521575985
4 0.68 0.31191369606003755 0.185 0.10037523452157598
4 0.69375 0.44934333958724204 0.205 0.11444652908067542
3 0.639375 0.4469981238273921 0.03625 0.040337711069418386
1 0.715625 0.4474671669793621 0.09125 0.03564727954971857
1 0.876875 0.44606003752345214 0.16375 0.04784240150093809
1 0.87125 0.30206378986866794 0.1825 0.04878048780487805
1 0.865625 0.1824577861163227 0.16625 0.06660412757973734
0 0.7525 0.31848030018761725 0.44 0.45684803001876173
1 0.644375 0.5666041275797373 0.11875 0.0300187617260788
1 0.729375 0.698405253283302 0.13625 0.04596622889305816
1 0.4725 0.7406191369606003 0.17 0.07410881801125703
1 0.4725 0.798311444652908 0.24 0.043151969981238276
1 0.475 0.8536585365853658 0.1725 0.054409005628517824
7 0.26 0.7645403377110694 0.345 0.2570356472795497
1 0.13375 0.5895872420262664 0.1675 0.06848030018761726
5 0.3575 0.2781425891181989 0.155 0.11726078799249531
5 0.499375 0.28189493433395874 0.10875 0.10975609756097561
1 0.489375 0.3705440900562852 0.11125 0.03377110694183865
1 0.34375 0.37476547842401503 0.1175 0.04221388367729831
1 0.155 0.3897748592870544 0.1425 0.07973733583489681
1 0.205625 0.1397748592870544 0.22375 0.04690431519699812
0 0.298125 0.3128517823639775 0.53375 0.4530956848030019
0 0.3025 0.7579737335834896 0.58 0.4540337711069418
0 0.780625 0.75093808630394 0.43875 0.4437148217636023
