1 0.160625 0.08574610244988864 0.09875 0.0467706013363029
1 0.52375 0.10356347438752785 0.06 0.0556792873051225
1 0.776875 0.38084632516703787 0.04625 0.0400890868596882
1 0.67 0.3975501113585746 0.07 0.0556792873051225
1 0.5475 0.410913140311804 0.085 0.0556792873051225
1 0.4025 0.4064587973273942 0.105 0.042316258351893093
1 0.2575 0.3986636971046771 0.055 0.0400890868596882
1 0.16375 0.40979955456570155 0.06 0.053452115812917596
1 0.160625 0.5824053452115813 0.07625 0.042316258351893093
1 0.391875 0.6570155902004454 0.15125 0.05790645879732739
1 0.53 0.5779510022271714 0.06 0.042316258351893093
1 0.610625 0.7416481069042317 0.06875 0.0400890868596882
7 0.224375 0.7806236080178174 0.17125 0.24721603563474387
5 0.165 0.26169265033407574 0.09 0.15367483296213807
5 0.275625 0.2650334075723831 0.09625 0.16481069042316257
5 0.40625 0.2795100222717149 0.1175 0.1714922048997773
4 0.550625 0.2661469933184855 0.07125 0.16258351893095768
4 0.664375 0.25278396436525613 0.08375 0.1492204899777283
4 0.78125 0.24276169265033407 0.0775 0.16481069042316257
2 0.548125 0.30066815144766146 0.02875 0.044543429844097995
2 0.661875 0.28619153674832964 0.03125 0.042316258351893093
2 0.778125 0.27728285077951004 0.03375 0.0467706013363029
3 0.399375 0.31403118040089084 0.03125 0.053452115812917596
3 0.273125 0.3040089086859688 0.02625 0.051224944320712694
3 0.164375 0.2962138084632517 0.02875 0.04899777282850779
1 0.404375 0.7037861915367484 0.13375 0.035634743875278395
1 0.40375 0.7783964365256125 0.0675 0.06904231625835189
0 0.666875 0.28507795100222716 0.38375 0.48997772828507796
0 0.296875 0.289532293986637 0.38125 0.49888641425389757
0 0.3 0.7561247216035635 0.3875 0.48329621380846327
0 0.669375 0.744988864142539 0.37875 0.5055679287305123
