1 0.205625 0.13833333333333334 0.09125 0.05
1 0.4975 0.13666666666666666 0.055 0.04666666666666667
1 0.3675 0.5575 0.165 0.051666666666666666
1 0.383125 0.6083333333333333 0.13875 0.04666666666666667
1 0.401875 0.6683333333333333 0.06625 0.05333333333333334
1 0.575625 0.645 0.06375 0.03
1 0.191875 0.5375 0.07625 0.045
7 0.23375 0.6716666666666666 0.145 0.15666666666666668
1 0.530625 0.5266666666666666 0.07375 0.04
1 0.505625 0.23833333333333334 0.06125 0.04
2 0.505625 0.2816666666666667 0.03625 0.04666666666666667
2 0.6175 0.28 0.055 0.05
2 0.734375 0.2816666666666667 0.05125 0.04666666666666667
1 0.62125 0.22583333333333333 0.085 0.035
1 0.730625 0.22 0.05375 0.03666666666666667
1 0.18625 0.235 0.0825 0.03333333333333333
1 0.2925 0.24166666666666667 0.0775 0.04
1 0.39875 0.25333333333333335 0.0775 0.03666666666666667
3 0.3975 0.29083333333333333 0.035 0.041666666666666664
3 0.283125 0.2966666666666667 0.03625 0.04
3 0.178125 0.2925 0.04375 0.03833333333333333
1 0.175 0.39166666666666666 0.0625 0.05333333333333334
1 0.280625 0.38333333333333336 0.06375 0.043333333333333335
1 0.4 0.3883333333333333 0.08 0.03333333333333333
1 0.510625 0.3825 0.08625 0.045
1 0.630625 0.37416666666666665 0.07125 0.051666666666666666
1 0.74375 0.37416666666666665 0.0525 0.03833333333333333
5 0.184375 0.2633333333333333 0.10125 0.14333333333333334
5 0.293125 0.27 0.10375 0.14333333333333334
5 0.400625 0.265 0.08875 0.14
4 0.513125 0.2633333333333333 0.08125 0.13
4 0.625625 0.255 0.11125 0.14
4 0.74625 0.25333333333333335 0.105 0.15
0 0.6525 0.6858333333333333 0.3975 0.4583333333333333
0 0.28875 0.6908333333333333 0.3725 0.46166666666666667
0 0.649375 0.275 0.40125 0.4
0 0.28625 0.2733333333333333 0.3575 0.42
