0 0.266875 0.2676678445229682 0.48125 0.5353356890459364
0 0.7225 0.2765017667844523 0.4625 0.5176678445229682
0 0.72375 0.7517667844522968 0.45 0.49646643109540634
0 0.27375 0.7570671378091873 0.495 0.4823321554770318
1 0.559375 0.0627208480565371 0.09375 0.05830388692579505
3 0.596875 0.18021201413427562 0.02375 0.03180212014134275
1 0.6425 0.1784452296819788 0.06 0.038869257950530034
4 0.628125 0.18021201413427562 0.11875 0.12367491166077739
3 0.60625 0.35159010600706714 0.0225 0.03180212014134275
1 0.65875 0.3480565371024735 0.0825 0.024734982332155476
4 0.644375 0.3480565371024735 0.11375 0.11307420494699646
3 0.606875 0.47614840989399293 0.02375 0.03356890459363958
1 0.653125 0.4717314487632509 0.05625 0.0353356890459364
4 0.6525 0.4717314487632509 0.135 0.08480565371024736
1 0.8025 0.4717314487632509 0.1225 0.04240282685512368
1 0.808125 0.3409893992932862 0.15875 0.03180212014134275
1 0.783125 0.17491166077738515 0.10875 0.053003533568904596
1 0.55625 0.5662544169611308 0.0675 0.044169611307420496
1 0.7275 0.7897526501766784 0.1025 0.06713780918727916
1 0.435 0.6360424028268551 0.145 0.05653710247349823
1 0.44375 0.6837455830388692 0.145 0.03180212014134275
1 0.441875 0.7517667844522968 0.08625 0.05830388692579505
7 0.20625 0.7597173144876325 0.285 0.26148409893992935
1 0.09 0.5591872791519434 0.0875 0.04770318021201413
1 0.4275 0.38162544169611307 0.0925 0.04240282685512368
1 0.25875 0.37809187279151946 0.065 0.04240282685512368
1 0.098125 0.4010600706713781 0.08125 0.07420494699646643
5 0.41 0.26501766784452296 0.125 0.17314487632508835
5 0.25625 0.26148409893992935 0.1175 0.16607773851590105
5 0.109375 0.2703180212014134 0.12125 0.1872791519434629
1 0.11875 0.044169611307420496 0.13 0.053003533568904596
