1 0.2525 0.20583333333333334 0.0925 0.041666666666666664
1 0.229375 0.3016666666666667 0.07625 0.02666666666666667
2 0.216875 0.3433333333333333 0.04375 0.03666666666666667
5 0.225625 0.32416666666666666 0.09625 0.11166666666666666
2 0.36125 0.35 0.0275 0.03
1 0.3725 0.31666666666666665 0.08 0.04666666666666667
5 0.370625 0.3233333333333333 0.09125 0.1
2 0.301875 0.445 0.03375 0.03666666666666667
1 0.30875 0.4058333333333333 0.0675 0.03166666666666667
5 0.311875 0.43416666666666665 0.09625 0.10833333333333334
0 0.265 0.25916666666666666 0.53 0.5183333333333333
1 0.236875 0.555 0.06875 0.04
1 0.461875 0.5875 0.14375 0.051666666666666666
1 0.46 0.6341666666666667 0.1425 0.051666666666666666
1 0.45125 0.68 0.12 0.043333333333333335
6 0.30625 0.6841666666666667 0.125 0.17166666666666666
0 0.27375 0.7375 0.5475 0.525
1 0.581875 0.505 0.06125 0.03666666666666667
1 0.6475 0.625 0.0575 0.05
0 0.7625 0.7241666666666666 0.475 0.5516666666666666
1 0.58125 0.2 0.0625 0.03666666666666667
1 0.568125 0.315 0.04875 0.03333333333333333
4 0.570625 0.325 0.07625 0.08
1 0.685 0.30583333333333335 0.0675 0.041666666666666664
4 0.6825 0.315 0.0725 0.08333333333333333
1 0.7925 0.31 0.045 0.03333333333333333
4 0.79625 0.30833333333333335 0.0825 0.09
0 0.749375 0.24166666666666667 0.50125 0.48333333333333334
