5 0.230625 0.2644444444444444 0.08375 0.17333333333333334
4 0.589375 0.14666666666666667 0.07625 0.08888888888888889
1 0.633125 0.6833333333333333 0.08875 0.051111111111111114
7 0.3275 0.7177777777777777 0.2225 0.20444444444444446
1 0.414375 0.5255555555555556 0.12625 0.042222222222222223
5 0.34625 0.25666666666666665 0.085 0.18444444444444444
5 0.435 0.25222222222222224 0.08 0.19333333333333333
1 0.445 0.3611111111111111 0.0675 0.03333333333333333
1 0.34375 0.3688888888888889 0.055 0.035555555555555556
1 0.220625 0.37444444444444447 0.04875 0.042222222222222223
1 0.225 0.08222222222222222 0.0675 0.04
1 0.5175 0.09222222222222222 0.0425 0.042222222222222223
1 0.598125 0.14888888888888888 0.03875 0.05333333333333334
1 0.615625 0.2811111111111111 0.06375 0.04666666666666667
1 0.62125 0.4211111111111111 0.0375 0.028888888888888888
4 0.60375 0.27444444444444444 0.095 0.08666666666666667
4 0.62375 0.41888888888888887 0.115 0.09555555555555556
3 0.565625 0.13666666666666666 0.01875 0.028888888888888888
3 0.569375 0.2877777777777778 0.01875 0.03333333333333333
3 0.5875 0.42444444444444446 0.0175 0.03111111111111111
1 0.6775 0.1411111111111111 0.075 0.042222222222222223
1 0.7025 0.26666666666666666 0.095 0.057777777777777775
1 0.733125 0.4022222222222222 0.10125 0.04
1 0.42875 0.5677777777777778 0.115 0.042222222222222223
1 0.438125 0.63 0.07875 0.04666666666666667
1 0.21875 0.55 0.075 0.04666666666666667
1 0.544375 0.5522222222222222 0.06375 0.03777777777777778
0 0.678125 0.72 0.38875 0.48
0 0.3175 0.7388888888888889 0.3875 0.4777777777777778
0 0.320625 0.2733333333333333 0.33125 0.5066666666666667
0 0.65125 0.2677777777777778 0.355 0.46444444444444444
