1 0.145 0.15555555555555556 0.0875 0.06222222222222222
1 0.16875 0.2544444444444444 0.09 0.051111111111111114
1 0.37 0.2311111111111111 0.105 0.05333333333333334
1 0.25375 0.4033333333333333 0.08 0.051111111111111114
1 0.550625 0.15888888888888889 0.06375 0.06
1 0.53875 0.31666666666666665 0.0625 0.08222222222222222
1 0.693125 0.29 0.11375 0.04666666666666667
1 0.843125 0.29333333333333333 0.06125 0.06222222222222222
1 0.181875 0.6344444444444445 0.08125 0.07333333333333333
1 0.381875 0.6788888888888889 0.18375 0.07333333333333333
1 0.3875 0.7566666666666667 0.195 0.06888888888888889
1 0.36375 0.8388888888888889 0.145 0.07333333333333333
1 0.566875 0.58 0.07625 0.06222222222222222
1 0.64875 0.7988888888888889 0.075 0.10888888888888888
2 0.146875 0.3288888888888889 0.04125 0.06666666666666667
2 0.346875 0.3111111111111111 0.06375 0.07111111111111111
2 0.23875 0.4866666666666667 0.0525 0.06666666666666667
5 0.165625 0.29333333333333333 0.11125 0.2088888888888889
5 0.3625 0.2777777777777778 0.1325 0.2311111111111111
5 0.250625 0.44555555555555554 0.10875 0.21555555555555556
4 0.546875 0.3111111111111111 0.10375 0.18666666666666668
4 0.69375 0.28888888888888886 0.1425 0.19111111111111112
4 0.84875 0.29555555555555557 0.115 0.20444444444444446
6 0.21125 0.8111111111111111 0.1525 0.2577777777777778
0 0.276875 0.3388888888888889 0.44375 0.5311111111111111
0 0.7225 0.33 0.48 0.47333333333333333
0 0.2725 0.7588888888888888 0.445 0.4822222222222222
0 0.735625 0.7555555555555555 0.51125 0.4888888888888889
