8 0.21 0.7075306479859895 0.1525 0.18914185639229422
1 0.12375 0.0989492119089317 0.0975 0.043782837127845885
1 0.128125 0.18126094570928197 0.11375 0.03677758318739054
1 0.270625 0.1733800350262697 0.09625 0.03152364273204904
1 0.430625 0.17688266199649738 0.13875 0.04553415061295972
1 0.583125 0.11208406304728546 0.04875 0.03852889667250438
1 0.606875 0.2075306479859895 0.06125 0.03327495621716287
1 0.75625 0.1987740805604203 0.09 0.0542907180385289
1 0.88625 0.20140105078809106 0.0475 0.04203152364273205
1 0.120625 0.330122591943958 0.05625 0.05779334500875657
1 0.2675 0.31523642732049034 0.0625 0.05253940455341506
1 0.429375 0.318739054290718 0.08625 0.028021015761821366
1 0.158125 0.5359019264448336 0.08875 0.03852889667250438
1 0.408125 0.6427320490367776 0.21125 0.20665499124343256
1 0.616875 0.5271453590192644 0.06875 0.04203152364273205
1 0.6925 0.62784588441331 0.1325 0.050788091068301226
1 0.594375 0.3126094570928196 0.10125 0.047285464098073555
1 0.751875 0.31523642732049034 0.11375 0.05604203152364273
1 0.878125 0.30122591943957966 0.06875 0.04203152364273205
5 0.130625 0.20577933450087565 0.14125 0.1628721541155867
5 0.2775 0.19614711033274956 0.1175 0.14711033274956217
5 0.42625 0.19089316987740806 0.1375 0.15061295971978983
2 0.114375 0.23555166374781086 0.04375 0.040280210157618214
2 0.27125 0.22329246935201402 0.045 0.043782837127845885
2 0.42125 0.2224168126094571 0.0375 0.04553415061295972
3 0.5575 0.2031523642732049 0.0275 0.03852889667250438
3 0.69125 0.1978984238178634 0.0325 0.03852889667250438
3 0.850625 0.2031523642732049 0.03625 0.03502626970227671
4 0.595625 0.20665499124343256 0.12375 0.10157618213660245
4 0.75 0.20052539404553416 0.1325 0.10332749562171628
4 0.884375 0.2031523642732049 0.09625 0.10157618213660245
0 0.2775 0.2679509632224168 0.4625 0.38879159369527144
0 0.275 0.7136602451838879 0.465 0.4711033274956217
0 0.744375 0.28021015761821366 0.45375 0.4028021015761821
0 0.739375 0.7066549912434326 0.45625 0.4746059544658494
