1 0.20625 0.20583333333333334 0.2225 0.06166666666666667
1 0.439375 0.265 0.13375 0.056666666666666664
1 0.085625 0.39416666666666667 0.07625 0.04833333333333333
1 0.206875 0.37083333333333335 0.09875 0.055
1 0.405 0.3908333333333333 0.11 0.051666666666666666
1 0.318125 0.5 0.11625 0.08333333333333333
1 0.15125 0.5941666666666666 0.095 0.051666666666666666
1 0.25625 0.665 0.095 0.07
1 0.3925 0.5633333333333334 0.115 0.056666666666666664
1 0.705 0.175 0.2575 0.06
1 0.59125 0.2991666666666667 0.0975 0.06166666666666667
1 0.618125 0.3616666666666667 0.16375 0.06333333333333334
1 0.80625 0.23083333333333333 0.1925 0.055
1 0.81375 0.29 0.2 0.056666666666666664
1 0.82375 0.345 0.1975 0.05
1 0.7625 0.4675 0.27 0.10166666666666667
1 0.761875 0.5641666666666667 0.09875 0.055
3 0.07875 0.34833333333333333 0.0425 0.06666666666666667
3 0.20875 0.31083333333333335 0.045 0.058333333333333334
3 0.39125 0.24 0.05 0.06
3 0.589375 0.25916666666666666 0.04375 0.051666666666666666
3 0.48 0.7141666666666666 0.0525 0.065
3 0.284375 0.7858333333333334 0.05375 0.06166666666666667
3 0.051875 0.7658333333333334 0.04875 0.06166666666666667
5 0.15375 0.6033333333333334 0.17 0.11333333333333333
5 0.37875 0.5691666666666667 0.16 0.09833333333333333
5 0.590625 0.2816666666666667 0.11375 0.11
5 0.249375 0.6641666666666667 0.15375 0.09166666666666666
2 0.769375 0.6275 0.18875 0.12833333333333333
0 0.759375 0.5975 0.47875 0.42833333333333334
0 0.725 0.2875 0.4475 0.30833333333333335
0 0.280625 0.33416666666666667 0.50375 0.345
0 0.278125 0.6558333333333334 0.55625 0.45166666666666666
