1 0.21625 0.1415929203539823 0.0625 0.035398230088495575
1 0.54125 0.1415929203539823 0.0475 0.05309734513274336
1 0.53625 0.536504424778761 0.0525 0.046460176991150445
1 0.2 0.5508849557522124 0.05 0.048672566371681415
8 0.245 0.7267699115044248 0.14 0.21460176991150443
0 0.33125 0.7245575221238938 0.3475 0.4491150442477876
0 0.675 0.7190265486725663 0.355 0.4424778761061947
3 0.730625 0.3053097345132743 0.01875 0.035398230088495575
3 0.6225 0.32079646017699115 0.015 0.030973451327433628
3 0.524375 0.3163716814159292 0.01375 0.02654867256637168
4 0.75125 0.30973451327433627 0.0675 0.10619469026548672
1 0.738125 0.4004424778761062 0.04625 0.048672566371681415
1 0.63625 0.40707964601769914 0.0575 0.05309734513274336
1 0.533125 0.413716814159292 0.06375 0.04424778761061947
4 0.64625 0.31526548672566373 0.0725 0.09513274336283185
4 0.54625 0.3174778761061947 0.0675 0.09955752212389381
1 0.411875 0.40486725663716816 0.06875 0.048672566371681415
1 0.294375 0.4004424778761062 0.05625 0.048672566371681415
1 0.1975 0.4026548672566372 0.04 0.05309734513274336
2 0.406875 0.336283185840708 0.03875 0.04424778761061947
2 0.3075 0.3219026548672566 0.04 0.05088495575221239
2 0.21 0.3230088495575221 0.035 0.04424778761061947
5 0.415 0.3108407079646018 0.065 0.12168141592920353
5 0.314375 0.3064159292035398 0.07375 0.12168141592920353
5 0.220625 0.3064159292035398 0.07375 0.11283185840707964
0 0.670625 0.29535398230088494 0.35375 0.44026548672566373
0 0.335625 0.28982300884955753 0.34125 0.41150442477876104
1 0.39875 0.6648230088495575 0.1325 0.0420353982300885
1 0.415625 0.7112831858407079 0.12125 0.046460176991150445
1 0.40875 0.7710176991150443 0.1 0.0420353982300885
1 0.601875 0.7378318584070797 0.07375 0.03761061946902655
