1 0.090625 0.09534368070953436 0.12375 0.06651884700665188
1 0.52625 0.04878048780487805 0.0825 0.07538802660753881
1 0.056875 0.606430155210643 0.09625 0.07760532150776053
1 0.55625 0.5254988913525499 0.09 0.06651884700665188
1 0.630625 0.7028824833702882 0.07375 0.15077605321507762
1 0.395625 0.5997782705099778 0.17375 0.082039911308204
6 0.155625 0.7195121951219512 0.14375 0.25942350332594233
5 0.16625 0.3181818181818182 0.1725 0.21951219512195122
5 0.40125 0.21286031042128603 0.145 0.20842572062084258
5 0.30375 0.39356984478935697 0.145 0.21507760532150777
4 0.57625 0.17960088691796008 0.13 0.16851441241685144
4 0.75875 0.1541019955654102 0.185 0.188470066518847
4 0.929375 0.12084257206208426 0.10625 0.17960088691796008
1 0.385 0.6729490022172949 0.1725 0.07760532150776053
1 0.37375 0.7649667405764967 0.15 0.08425720620842572
1 0.1725 0.2749445676274945 0.1175 0.07095343680709534
1 0.408125 0.2017738359201774 0.11625 0.06208425720620843
1 0.300625 0.3736141906873614 0.10375 0.06430155210643015
1 0.565625 0.17849223946784923 0.07625 0.08647450110864745
1 0.755 0.14523281596452328 0.14 0.07317073170731707
1 0.9275 0.12527716186252771 0.055 0.06430155210643015
2 0.159375 0.35365853658536583 0.05875 0.07760532150776053
2 0.404375 0.24833702882483372 0.04625 0.06651884700665188
2 0.294375 0.43680709534368073 0.05625 0.07095343680709534
0 0.736875 0.7261640798226164 0.52625 0.5476718403547672
0 0.245625 0.7305986696230599 0.49125 0.5388026607538803
0 0.731875 0.25388026607538805 0.53625 0.5077605321507761
0 0.24375 0.26940133037694014 0.4875 0.5388026607538803
