1 0.135 0.35970464135021096 0.155 0.01617440225035162
1 0.59625 0.37236286919831224 0.09 0.02180028129395218
3 0.128125 0.4433895921237693 0.02625 0.02461322081575246
1 0.803125 0.6550632911392406 0.09125 0.02180028129395218
1 0.6175 0.5833333333333334 0.1025 0.02180028129395218
1 0.105 0.5864978902953587 0.145 0.02390998593530239
1 0.091875 0.48628691983122363 0.09625 0.020393811533052038
1 0.143125 0.41526019690576654 0.10125 0.011954992967651195
5 0.13875 0.4338959212376934 0.12 0.0759493670886076
7 0.200625 0.6888185654008439 0.24625 0.12869198312236288
1 0.43125 0.7120253164556962 0.21 0.13853727144866385
3 0.2875 0.44585091420534456 0.0325 0.014064697609001406
1 0.273125 0.4781997187060478 0.08625 0.02250351617440225
1 0.3075 0.41736990154711673 0.0975 0.013361462728551337
3 0.44125 0.44585091420534456 0.0225 0.015471167369901548
1 0.456875 0.4258087201125176 0.10125 0.02461322081575246
5 0.29875 0.4328410689170183 0.125 0.06258790436005626
5 0.45625 0.430028129395218 0.1175 0.056962025316455694
1 0.440625 0.47187060478199716 0.11875 0.02109704641350211
2 0.598125 0.4353023909985935 0.04125 0.01969057665260197
2 0.730625 0.4430379746835443 0.05125 0.01969057665260197
1 0.60625 0.47468354430379744 0.11 0.014064697609001406
1 0.7225 0.4820675105485232 0.095 0.03305203938115331
1 0.865 0.47714486638537273 0.0775 0.020393811533052038
2 0.85625 0.44163150492264414 0.05 0.01969057665260197
1 0.880625 0.41455696202531644 0.06875 0.01617440225035162
1 0.60625 0.41631504922644164 0.0775 0.012658227848101266
1 0.751875 0.41526019690576654 0.11375 0.014767932489451477
4 0.62 0.43037974683544306 0.115 0.052039381153305204
4 0.751875 0.43143459915611815 0.12875 0.05555555555555555
4 0.883125 0.43143459915611815 0.12875 0.06118143459915612
0 0.281875 0.6694796061884669 0.54875 0.23769338959212377
0 0.769375 0.6635021097046413 0.45625 0.22151898734177214
0 0.769375 0.44655414908579466 0.46125 0.22362869198312235
0 0.276875 0.45358649789029537 0.53375 0.2180028129395218
