1 0.0925 0.07708333333333334 0.1175 0.0625
1 0.17375 0.2520833333333333 0.1175 0.058333333333333334
1 0.42 0.19270833333333334 0.1175 0.05625
1 0.30375 0.35208333333333336 0.1025 0.058333333333333334
1 0.538125 0.06979166666666667 0.07625 0.06458333333333334
1 0.58 0.17291666666666666 0.0775 0.075
1 0.77 0.146875 0.1425 0.05625
1 0.934375 0.13854166666666667 0.05375 0.05625
1 0.053125 0.5739583333333333 0.09625 0.06041666666666667
1 0.403125 0.5739583333333333 0.18375 0.08125
1 0.39375 0.6447916666666667 0.175 0.06875
1 0.37875 0.734375 0.155 0.08958333333333333
1 0.561875 0.4979166666666667 0.07625 0.05
1 0.64375 0.6677083333333333 0.075 0.14375
2 0.1575 0.328125 0.0625 0.06875
2 0.41375 0.228125 0.05 0.06041666666666667
2 0.3 0.4125 0.055 0.0625
5 0.169375 0.296875 0.17875 0.21875
5 0.410625 0.19895833333333332 0.14875 0.19791666666666666
5 0.306875 0.371875 0.14875 0.20208333333333334
4 0.59 0.17708333333333334 0.125 0.16666666666666666
4 0.771875 0.16145833333333334 0.18125 0.17291666666666666
4 0.935625 0.13645833333333332 0.09875 0.16875
6 0.155625 0.6864583333333333 0.14625 0.24375
0 0.24875 0.2552083333333333 0.4975 0.50625
0 0.738125 0.24791666666666667 0.52375 0.49583333333333335
0 0.2525 0.7229166666666667 0.505 0.5541666666666667
0 0.7375 0.71875 0.52 0.5625
