1 0.50625 0.33916666666666667 0.0675 0.03166666666666667
1 0.655 0.3358333333333333 0.065 0.041666666666666664
1 0.779375 0.3225 0.04375 0.028333333333333332
3 0.77 0.22 0.02 0.02
3 0.63375 0.215 0.0225 0.023333333333333334
3 0.485625 0.21166666666666667 0.02375 0.02666666666666667
4 0.808125 0.23166666666666666 0.11375 0.06666666666666667
4 0.668125 0.23 0.10625 0.07333333333333333
4 0.524375 0.2275 0.12125 0.085
1 0.49 0.115 0.0475 0.023333333333333334
0 0.67125 0.2866666666666667 0.4425 0.38666666666666666
1 0.495625 0.475 0.05375 0.03
1 0.605 0.6625 0.085 0.03833333333333333
0 0.681875 0.6516666666666666 0.44375 0.4066666666666667
1 0.101875 0.12083333333333333 0.05375 0.03166666666666667
1 0.36625 0.3383333333333333 0.075 0.02666666666666667
1 0.231875 0.33666666666666667 0.05375 0.02666666666666667
1 0.115625 0.3358333333333333 0.04625 0.035
1 0.373125 0.23083333333333333 0.10375 0.035
1 0.25375 0.2275 0.0925 0.025
1 0.134375 0.23416666666666666 0.07875 0.025
5 0.37625 0.26166666666666666 0.12 0.11333333333333333
5 0.255 0.25583333333333336 0.115 0.105
5 0.133125 0.25416666666666665 0.10375 0.10833333333333334
0 0.263125 0.2775 0.39875 0.375
1 0.100625 0.49333333333333335 0.06375 0.03333333333333333
1 0.330625 0.5916666666666667 0.15125 0.04
8 0.179375 0.6816666666666666 0.18125 0.21333333333333335
0 0.265 0.6466666666666666 0.41 0.4
1 0.365 0.6366666666666667 0.15 0.02666666666666667
1 0.355 0.71 0.0875 0.023333333333333334
