1 0.134375 0.08473154362416108 0.09125 0.031879194630872486
1 0.118125 0.33640939597315433 0.05875 0.04530201342281879
1 0.135 0.18540268456375839 0.0875 0.028523489932885907
1 0.2825 0.18624161073825504 0.085 0.02348993288590604
1 0.2725 0.3296979865771812 0.0525 0.03859060402684564
1 0.446875 0.1929530201342282 0.10125 0.030201342281879196
1 0.431875 0.33053691275167785 0.08375 0.030201342281879196
1 0.125 0.5453020134228188 0.075 0.03691275167785235
1 0.409375 0.6082214765100671 0.17625 0.05201342281879195
8 0.209375 0.74748322147651 0.22125 0.2600671140939597
1 0.576875 0.5427852348993288 0.06125 0.031879194630872486
1 0.638125 0.7172818791946308 0.06875 0.03523489932885906
1 0.595625 0.3414429530201342 0.08375 0.03523489932885906
1 0.75125 0.33221476510067116 0.0725 0.0436241610738255
1 0.8875 0.3271812080536913 0.045 0.03691275167785235
1 0.57625 0.09228187919463088 0.0525 0.03355704697986577
3 0.57375 0.2156040268456376 0.025 0.03523489932885906
3 0.728125 0.20721476510067113 0.02625 0.03859060402684564
3 0.875 0.20721476510067113 0.025 0.03523489932885906
4 0.605 0.2181208053691275 0.115 0.1342281879194631
4 0.759375 0.2105704697986577 0.11875 0.1325503355704698
4 0.899375 0.21140939597315436 0.09875 0.13758389261744966
0 0.29625 0.26593959731543626 0.465 0.46476510067114096
0 0.73875 0.26426174496644295 0.4375 0.4513422818791946
0 0.745 0.7239932885906041 0.445 0.49161073825503354
0 0.298125 0.7315436241610739 0.47125 0.4966442953020134
1 0.4325 0.6703020134228188 0.1675 0.03523489932885906
1 0.4275 0.7407718120805369 0.115 0.03523489932885906
5 0.286875 0.2214765100671141 0.14125 0.1644295302013423
5 0.441875 0.22399328859060402 0.13125 0.16946308724832215
5 0.134375 0.21140939597315436 0.11625 0.15100671140939598
