0 0.72875 0.3089430894308943 0.515 0.5813008130081301
1 0.57375 0.09044715447154472 0.1675 0.06300813008130081
1 0.56125 0.3282520325203252 0.0475 0.06707317073170732
1 0.564375 0.4186991869918699 0.10875 0.04878048780487805
1 0.7975 0.21646341463414634 0.1625 0.07520325203252033
1 0.803125 0.3170731707317073 0.19375 0.06097560975609756
1 0.775625 0.4186991869918699 0.17125 0.056910569105691054
5 0.57 0.2865853658536585 0.1225 0.1910569105691057
0 0.24875 0.28252032520325204 0.4675 0.5284552845528455
1 0.1025 0.0975609756097561 0.125 0.052845528455284556
3 0.069375 0.22764227642276422 0.04125 0.06910569105691057
3 0.185625 0.2611788617886179 0.04875 0.07520325203252033
3 0.33 0.24085365853658536 0.05 0.07113821138211382
3 0.33 0.383130081300813 0.045 0.07520325203252033
1 0.07 0.3201219512195122 0.0475 0.046747967479674794
1 0.18875 0.3333333333333333 0.065 0.04878048780487805
1 0.37 0.2886178861788618 0.085 0.04878048780487805
1 0.3325 0.4481707317073171 0.0525 0.042682926829268296
0 0.72375 0.7621951219512195 0.515 0.47560975609756095
1 0.67625 0.6260162601626016 0.17 0.06910569105691057
1 0.63625 0.7936991869918699 0.055 0.034552845528455285
2 0.645 0.8841463414634146 0.14 0.09349593495934959
0 0.248125 0.758130081300813 0.46625 0.483739837398374
1 0.183125 0.6128048780487805 0.08625 0.06300813008130081
5 0.275625 0.7388211382113821 0.06875 0.07113821138211382
1 0.271875 0.741869918699187 0.04125 0.036585365853658534
5 0.088125 0.7428861788617886 0.08375 0.09146341463414634
1 0.07625 0.741869918699187 0.045 0.044715447154471545
1 0.161875 0.8628048780487805 0.05125 0.0508130081300813
5 0.161875 0.8628048780487805 0.08125 0.09552845528455285
3 0.24875 0.9664634146341463 0.035 0.06707317073170732
3 0.37625 0.9644308943089431 0.0375 0.07113821138211382
3 0.06375 0.9817073170731707 0.0475 0.036585365853658534
