1 0.376875 0.565 0.18125 0.06
1 0.39875 0.6191666666666666 0.18 0.045
1 0.38 0.67 0.12 0.03666666666666667
5 0.1475 0.25083333333333335 0.12 0.14166666666666666
5 0.44 0.24833333333333332 0.12 0.13666666666666666
5 0.286875 0.245 0.10875 0.13666666666666666
1 0.16375 0.105 0.07 0.04666666666666667
1 0.585625 0.1075 0.06375 0.03166666666666667
3 0.695625 0.20583333333333334 0.02375 0.028333333333333332
3 0.81375 0.195 0.025 0.03
3 0.569375 0.22166666666666668 0.02125 0.03333333333333333
8 0.159375 0.6883333333333334 0.16875 0.17
1 0.826875 0.29583333333333334 0.05125 0.035
1 0.72 0.31416666666666665 0.08 0.058333333333333334
1 0.598125 0.33 0.08875 0.05333333333333334
1 0.449375 0.3325 0.08625 0.035
1 0.273125 0.3333333333333333 0.06125 0.03666666666666667
1 0.125 0.35833333333333334 0.05 0.056666666666666664
1 0.571875 0.4925 0.07875 0.041666666666666664
1 0.651875 0.6366666666666667 0.07875 0.03666666666666667
1 0.11625 0.5291666666666667 0.075 0.041666666666666664
1 0.4425 0.22166666666666668 0.11 0.05333333333333334
1 0.288125 0.20916666666666667 0.09375 0.035
1 0.148125 0.21833333333333332 0.08625 0.03
0 0.740625 0.6875 0.45875 0.465
0 0.74625 0.25416666666666665 0.4575 0.4216666666666667
0 0.28625 0.2633333333333333 0.4925 0.45
0 0.28 0.6833333333333333 0.48 0.45666666666666667
4 0.83625 0.22 0.0875 0.11333333333333333
4 0.720625 0.22916666666666666 0.08875 0.11833333333333333
4 0.6 0.23333333333333334 0.1 0.11666666666666667
