1 0.588125 0.29225352112676056 0.07625 0.03873239436619718
1 0.764375 0.2887323943661972 0.07625 0.05985915492957746
1 0.9125 0.2772887323943662 0.0475 0.03697183098591549
1 0.581875 0.04929577464788732 0.05875 0.04929577464788732
1 0.665625 0.6602112676056338 0.10625 0.0528169014084507
1 0.5775 0.48151408450704225 0.0775 0.04401408450704225
1 0.35625 0.6963028169014085 0.135 0.03697183098591549
1 0.385625 0.6073943661971831 0.20375 0.04929577464788732
1 0.365 0.5431338028169014 0.2375 0.04401408450704225
1 0.051875 0.5369718309859155 0.06875 0.045774647887323945
1 0.434375 0.2746478873239437 0.10875 0.03873239436619718
1 0.260625 0.2649647887323944 0.06125 0.04401408450704225
1 0.0925 0.26672535211267606 0.0525 0.04401408450704225
1 0.44375 0.14700704225352113 0.15 0.06514084507042253
1 0.269375 0.14172535211267606 0.12875 0.04401408450704225
1 0.114375 0.15845070422535212 0.10625 0.045774647887323945
1 0.065625 0.05545774647887324 0.08125 0.02992957746478873
8 0.168125 0.7491197183098591 0.23375 0.2658450704225352
0 0.75375 0.715669014084507 0.4925 0.5686619718309859
3 0.57625 0.15492957746478872 0.0275 0.04929577464788732
3 0.741875 0.1443661971830986 0.03125 0.04225352112676056
3 0.889375 0.14084507042253522 0.02375 0.04225352112676056
4 0.926875 0.17781690140845072 0.11625 0.13380281690140844
4 0.771875 0.17781690140845072 0.10375 0.13732394366197184
4 0.61 0.1857394366197183 0.115 0.13556338028169015
5 0.43625 0.15492957746478872 0.1775 0.1795774647887324
5 0.2675 0.16109154929577466 0.1525 0.1426056338028169
5 0.1075 0.17165492957746478 0.1325 0.1426056338028169
0 0.755625 0.2227112676056338 0.48875 0.4454225352112676
0 0.2625 0.2517605633802817 0.525 0.5035211267605634
0 0.258125 0.7200704225352113 0.51625 0.5598591549295775
