1 0.13375 0.056666666666666664 0.1175 0.056666666666666664
1 0.156875 0.16416666666666666 0.11125 0.04833333333333333
1 0.39 0.17666666666666667 0.1525 0.06
1 0.250625 0.33416666666666667 0.10625 0.058333333333333334
1 0.566875 0.0675 0.06125 0.04833333333333333
1 0.58125 0.22833333333333333 0.0825 0.056666666666666664
1 0.776875 0.22666666666666666 0.11625 0.06
1 0.918125 0.2325 0.06125 0.051666666666666666
1 0.095 0.5483333333333333 0.0875 0.056666666666666664
1 0.395625 0.5766666666666667 0.21625 0.06
1 0.3925 0.6425 0.2175 0.07833333333333334
1 0.38125 0.72 0.185 0.08
1 0.57125 0.5275 0.0875 0.058333333333333334
1 0.69125 0.6625 0.095 0.115
2 0.136875 0.22333333333333333 0.05125 0.06666666666666667
2 0.375625 0.23833333333333334 0.06875 0.07
2 0.25375 0.39666666666666667 0.055 0.06333333333333334
5 0.15125 0.19833333333333333 0.145 0.18666666666666668
5 0.38875 0.205 0.1775 0.20666666666666667
5 0.26125 0.36833333333333335 0.1675 0.21
4 0.59875 0.23 0.155 0.16666666666666666
4 0.773125 0.23416666666666666 0.14625 0.15166666666666667
4 0.9225 0.25083333333333335 0.115 0.155
6 0.175625 0.7316666666666667 0.20625 0.31
0 0.264375 0.25666666666666665 0.50625 0.5
0 0.745625 0.255 0.49125 0.48
0 0.259375 0.7191666666666666 0.51875 0.485
0 0.748125 0.7266666666666667 0.50375 0.5066666666666667
