2 0.175 0.28 0.0525 0.06222222222222222
2 0.28125 0.46 0.0475 0.07111111111111111
2 0.39375 0.26222222222222225 0.0475 0.057777777777777775
5 0.4025 0.2222222222222222 0.14 0.2
5 0.175625 0.22666666666666666 0.13375 0.2088888888888889
5 0.2875 0.41 0.155 0.2111111111111111
6 0.213125 0.8122222222222222 0.16875 0.2822222222222222
1 0.550625 0.59 0.06625 0.042222222222222223
1 0.563125 0.06 0.08125 0.057777777777777775
1 0.37875 0.6077777777777778 0.175 0.06444444444444444
1 0.151875 0.5966666666666667 0.07375 0.04666666666666667
1 0.1575 0.08333333333333333 0.105 0.06444444444444444
1 0.17625 0.2 0.1 0.05333333333333334
1 0.40375 0.1922222222222222 0.1025 0.06888888888888889
1 0.275625 0.37777777777777777 0.09375 0.06666666666666667
1 0.57625 0.2777777777777778 0.075 0.06666666666666667
1 0.705 0.26555555555555554 0.155 0.06
1 0.843125 0.25222222222222224 0.05875 0.042222222222222223
1 0.4025 0.6655555555555556 0.205 0.07333333333333333
1 0.379375 0.7455555555555555 0.13625 0.06
1 0.650625 0.77 0.09125 0.13555555555555557
4 0.5725 0.27444444444444444 0.0925 0.09555555555555556
4 0.706875 0.2633333333333333 0.17625 0.09111111111111111
4 0.8475 0.2511111111111111 0.08 0.07111111111111111
0 0.300625 0.29777777777777775 0.42875 0.5688888888888889
0 0.71 0.28888888888888886 0.4175 0.5733333333333334
0 0.30125 0.7711111111111111 0.4475 0.4577777777777778
0 0.724375 0.77 0.43625 0.46
