1 0.185625 0.1275 0.10625 0.045
1 0.18625 0.21083333333333334 0.085 0.03833333333333333
1 0.375 0.20666666666666667 0.1225 0.043333333333333335
1 0.264375 0.3575 0.10625 0.045
1 0.61 0.1075 0.075 0.041666666666666664
1 0.640625 0.2225 0.07125 0.045
1 0.798125 0.20083333333333334 0.10625 0.04833333333333333
1 0.93 0.1825 0.06 0.035
1 0.16625 0.555 0.11 0.05333333333333334
1 0.46625 0.6458333333333334 0.17 0.051666666666666666
1 0.476875 0.7 0.17375 0.06333333333333334
1 0.4625 0.7858333333333334 0.135 0.07166666666666667
1 0.655625 0.5525 0.08375 0.04833333333333333
1 0.768125 0.6983333333333334 0.11375 0.11
2 0.17875 0.25333333333333335 0.045 0.04666666666666667
2 0.38 0.24333333333333335 0.05 0.056666666666666664
2 0.268125 0.4 0.05625 0.07333333333333333
5 0.18625 0.23833333333333334 0.125 0.14
5 0.37375 0.2175 0.1375 0.165
5 0.26625 0.38166666666666665 0.1375 0.17
4 0.6475 0.215 0.115 0.12
4 0.7975 0.1975 0.1275 0.125
4 0.941875 0.18583333333333332 0.10125 0.12166666666666667
6 0.269375 0.7566666666666667 0.22125 0.2966666666666667
0 0.3025 0.2808333333333333 0.5375 0.48833333333333334
0 0.77125 0.2758333333333333 0.4525 0.495
0 0.299375 0.7508333333333334 0.55625 0.495
0 0.778125 0.7491666666666666 0.44375 0.495
