4 0.55125 0.2925 0.115 0.155
4 0.698125 0.2758333333333333 0.09875 0.13833333333333334
4 0.84625 0.255 0.1 0.14666666666666667
1 0.545 0.4225 0.115 0.058333333333333334
1 0.710625 0.3958333333333333 0.10125 0.058333333333333334
1 0.854375 0.38666666666666666 0.06875 0.043333333333333335
1 0.5025 0.08083333333333333 0.06 0.051666666666666666
1 0.083125 0.09833333333333333 0.09625 0.05333333333333334
1 0.086875 0.475 0.06375 0.05
1 0.239375 0.46 0.06125 0.043333333333333335
1 0.39125 0.44 0.0975 0.043333333333333335
1 0.523125 0.545 0.07875 0.043333333333333335
1 0.3675 0.6433333333333333 0.1925 0.06
1 0.38875 0.7216666666666667 0.1775 0.06333333333333334
1 0.40125 0.805 0.125 0.043333333333333335
1 0.075 0.585 0.0825 0.04
8 0.218125 0.8191666666666667 0.26375 0.26166666666666666
1 0.605 0.7491666666666666 0.0975 0.058333333333333334
3 0.52625 0.3 0.03 0.04
3 0.67625 0.2725 0.025 0.03833333333333333
3 0.825 0.25333333333333335 0.03 0.04
1 0.0925 0.3258333333333333 0.0625 0.085
1 0.228125 0.32083333333333336 0.06125 0.08833333333333333
1 0.364375 0.30416666666666664 0.08375 0.09166666666666666
5 0.1 0.3333333333333333 0.1 0.16666666666666666
5 0.22625 0.3225 0.09 0.16833333333333333
5 0.36375 0.31333333333333335 0.0975 0.17
0 0.24375 0.2941666666666667 0.465 0.525
0 0.713125 0.2633333333333333 0.52125 0.5166666666666667
0 0.255 0.7508333333333334 0.495 0.49166666666666664
0 0.72375 0.7366666666666667 0.515 0.5266666666666666
