1 0.199375 0.03222222222222222 0.10875 0.06444444444444444
1 0.173125 0.21222222222222223 0.08125 0.05555555555555555
1 0.309375 0.21888888888888888 0.08375 0.03777777777777778
1 0.45625 0.24333333333333335 0.1175 0.05555555555555555
3 0.16875 0.2633333333333333 0.025 0.04666666666666667
3 0.30875 0.27111111111111114 0.0275 0.04888888888888889
3 0.449375 0.29 0.02625 0.051111111111111114
5 0.17875 0.2544444444444444 0.105 0.20666666666666667
5 0.308125 0.2688888888888889 0.10375 0.19111111111111112
5 0.451875 0.28 0.13375 0.2088888888888889
1 0.165 0.4122222222222222 0.06 0.07333333333333333
1 0.300625 0.4111111111111111 0.06125 0.04888888888888889
1 0.45625 0.41555555555555557 0.11 0.044444444444444446
0 0.32625 0.25666666666666665 0.455 0.5133333333333333
1 0.600625 0.04 0.08125 0.05333333333333334
1 0.616875 0.2011111111111111 0.06625 0.05555555555555555
1 0.75375 0.21444444444444444 0.095 0.06
1 0.884375 0.19111111111111112 0.05125 0.044444444444444446
2 0.613125 0.27555555555555555 0.04625 0.044444444444444446
2 0.74875 0.27 0.0525 0.04666666666666667
2 0.87125 0.26222222222222225 0.055 0.06666666666666667
4 0.623125 0.23777777777777778 0.11125 0.18666666666666668
4 0.75375 0.23777777777777778 0.1125 0.18222222222222223
4 0.89625 0.23444444444444446 0.13 0.18
1 0.609375 0.39222222222222225 0.08875 0.06444444444444444
1 0.744375 0.3877777777777778 0.08375 0.06444444444444444
1 0.8775 0.37666666666666665 0.0625 0.042222222222222223
1 0.62 0.5388888888888889 0.0925 0.04666666666666667
1 0.725 0.7633333333333333 0.0875 0.06
1 0.1975 0.5433333333333333 0.09 0.04666666666666667
1 0.455 0.63 0.19 0.08222222222222222
7 0.268125 0.7877777777777778 0.21625 0.32666666666666666
0 0.74625 0.2577777777777778 0.4375 0.5155555555555555
0 0.340625 0.7466666666666667 0.47375 0.5022222222222222
0 0.761875 0.7488888888888889 0.42125 0.5022222222222222
1 0.460625 0.6922222222222222 0.18625 0.04666666666666667
1 0.415625 0.7766666666666666 0.08125 0.06888888888888889
