1 0.160625 0.07120743034055728 0.13875 0.04953560371517028
1 0.11875 0.2886996904024768 0.05 0.032507739938080496
1 0.21875 0.29411764705882354 0.07 0.03715170278637771
1 0.33625 0.23839009287925697 0.075 0.030959752321981424
1 0.32125 0.336687306501548 0.0575 0.02631578947368421
1 0.611875 0.09829721362229102 0.15875 0.04489164086687306
1 0.773125 0.21517027863777088 0.13375 0.034055727554179564
1 0.594375 0.24690402476780185 0.05125 0.02321981424148607
1 0.59 0.29256965944272445 0.12 0.021671826625386997
1 0.779375 0.27012383900928794 0.15125 0.02631578947368421
1 0.76375 0.3219814241486068 0.1275 0.02476780185758514
1 0.1525 0.6106811145510835 0.0625 0.029411764705882353
1 0.29875 0.6199690402476781 0.065 0.02321981424148607
1 0.22125 0.6756965944272446 0.0575 0.03560371517027864
1 0.6925 0.5541795665634675 0.1325 0.04024767801857585
1 0.69375 0.6617647058823529 0.0625 0.02631578947368421
3 0.12875 0.24845201238390094 0.03 0.03869969040247678
3 0.2125 0.25386996904024767 0.0225 0.021671826625386997
3 0.32375 0.20820433436532507 0.0225 0.02321981424148607
3 0.31375 0.30572755417956654 0.02 0.02321981424148607
5 0.593125 0.22987616099071206 0.08625 0.0913312693498452
5 0.15 0.6130030959752322 0.0775 0.07120743034055728
5 0.2225 0.6772445820433437 0.0875 0.06346749226006192
3 0.11125 0.771671826625387 0.02 0.02631578947368421
3 0.2175 0.7825077399380805 0.02 0.02631578947368421
3 0.310625 0.7507739938080495 0.02125 0.02476780185758514
2 0.67375 0.7530959752321982 0.12 0.09752321981424149
0 0.271875 0.27012383900928794 0.43625 0.46594427244582043
0 0.730625 0.27012383900928794 0.48375 0.46594427244582043
0 0.2725 0.7167182662538699 0.435 0.43343653250773995
0 0.731875 0.718266253869969 0.48625 0.43343653250773995
5 0.29875 0.6191950464396285 0.1 0.06191950464396285
1 0.220625 0.5162538699690402 0.06875 0.04179566563467492
3 0.59375 0.21130030959752322 0.02 0.017027863777089782
