5 0.135 0.31166666666666665 0.12 0.17
5 0.296875 0.30333333333333334 0.11875 0.15333333333333332
5 0.43375 0.305 0.11 0.15333333333333332
4 0.565625 0.31166666666666665 0.10875 0.14
4 0.724375 0.31333333333333335 0.12625 0.14333333333333334
4 0.880625 0.31083333333333335 0.11125 0.145
1 0.120625 0.18 0.12375 0.05333333333333334
1 0.5575 0.17583333333333334 0.0925 0.055
1 0.13125 0.43333333333333335 0.0725 0.056666666666666664
1 0.28875 0.41333333333333333 0.0775 0.043333333333333335
1 0.434375 0.4166666666666667 0.10875 0.05333333333333334
1 0.570625 0.4141666666666667 0.10125 0.055
1 0.730625 0.41583333333333333 0.09375 0.051666666666666666
1 0.8675 0.4125 0.0725 0.041666666666666664
1 0.0975 0.525 0.1 0.05333333333333334
1 0.381875 0.6083333333333333 0.17875 0.06333333333333334
1 0.54875 0.5116666666666667 0.105 0.06
1 0.399375 0.6775 0.17125 0.051666666666666666
1 0.400625 0.7508333333333334 0.12625 0.045
1 0.645 0.695 0.115 0.06
1 0.133125 0.2783333333333333 0.09375 0.03333333333333333
1 0.300625 0.275 0.09625 0.03333333333333333
1 0.43875 0.295 0.095 0.05
3 0.534375 0.31166666666666665 0.02875 0.04
3 0.6925 0.315 0.0275 0.04
3 0.850625 0.31416666666666665 0.02875 0.03833333333333333
8 0.191875 0.7316666666666667 0.21625 0.25
0 0.27625 0.3016666666666667 0.45 0.37333333333333335
0 0.724375 0.3016666666666667 0.47875 0.38666666666666666
0 0.271875 0.71 0.45875 0.49333333333333335
0 0.7225 0.7158333333333333 0.4825 0.495
