0 0.290625 0.26916666666666667 0.42875 0.395
0 0.746875 0.2833333333333333 0.46875 0.4033333333333333
0 0.293125 0.6916666666666667 0.43375 0.45
0 0.7375 0.7075 0.4375 0.445
1 0.566875 0.5316666666666666 0.05375 0.04
1 0.623125 0.64 0.05875 0.03
1 0.165625 0.5075 0.05375 0.035
7 0.218125 0.6333333333333333 0.15875 0.16666666666666666
1 0.404375 0.58 0.14375 0.11
1 0.141875 0.10583333333333333 0.07875 0.03833333333333333
1 0.161875 0.21416666666666667 0.06625 0.035
1 0.286875 0.2275 0.05625 0.025
1 0.415 0.23583333333333334 0.085 0.03833333333333333
1 0.16125 0.32416666666666666 0.0525 0.035
1 0.2825 0.3408333333333333 0.045 0.03166666666666667
1 0.41875 0.3458333333333333 0.085 0.028333333333333332
3 0.161875 0.25916666666666666 0.02375 0.035
3 0.2825 0.265 0.0225 0.04
3 0.41 0.2758333333333333 0.0225 0.03166666666666667
5 0.16 0.23416666666666666 0.08 0.115
5 0.28875 0.24916666666666668 0.09 0.125
5 0.41625 0.25916666666666666 0.0975 0.135
1 0.5725 0.12833333333333333 0.0475 0.03333333333333333
1 0.595 0.23583333333333334 0.0475 0.021666666666666667
1 0.74 0.22583333333333333 0.09 0.028333333333333332
1 0.868125 0.2325 0.04875 0.025
1 0.594375 0.3458333333333333 0.07125 0.03166666666666667
1 0.73 0.3383333333333333 0.0575 0.03666666666666667
1 0.86625 0.3383333333333333 0.03 0.023333333333333334
4 0.6025 0.25916666666666666 0.0925 0.105
4 0.736875 0.25583333333333336 0.10125 0.12166666666666667
4 0.879375 0.25333333333333335 0.10875 0.11333333333333333
2 0.595 0.29083333333333333 0.0325 0.028333333333333332
2 0.724375 0.2816666666666667 0.03125 0.04
2 0.86125 0.2783333333333333 0.0325 0.043333333333333335
