1 0.728125 0.4791666666666667 0.10625 0.03833333333333333
1 0.41125 0.6725 0.1625 0.04833333333333333
1 0.595625 0.6183333333333333 0.11625 0.04
1 0.09375 0.43416666666666665 0.0575 0.035
1 0.231875 0.41833333333333333 0.05375 0.02666666666666667
1 0.3675 0.4116666666666667 0.0825 0.03
1 0.74 0.3441666666666667 0.13 0.025
1 0.73 0.21666666666666667 0.095 0.04
1 0.596875 0.22666666666666666 0.05625 0.02666666666666667
1 0.61125 0.35083333333333333 0.075 0.025
1 0.54625 0.1425 0.0525 0.025
1 0.605 0.4825 0.04 0.018333333333333333
3 0.575625 0.4841666666666667 0.01625 0.025
3 0.565 0.3541666666666667 0.015 0.025
3 0.551875 0.22333333333333333 0.01625 0.02666666666666667
4 0.591875 0.22583333333333333 0.11125 0.105
4 0.601875 0.3525 0.10875 0.09166666666666666
4 0.605 0.4766666666666667 0.105 0.07333333333333333
1 0.67125 0.8158333333333333 0.0775 0.041666666666666664
1 0.419375 0.7183333333333334 0.15125 0.03666666666666667
1 0.413125 0.7841666666666667 0.08375 0.035
7 0.204375 0.7891666666666667 0.19625 0.22833333333333333
1 0.115625 0.6258333333333334 0.06375 0.03833333333333333
5 0.113125 0.33166666666666667 0.08125 0.11666666666666667
5 0.240625 0.33 0.07875 0.09666666666666666
5 0.36375 0.32416666666666666 0.075 0.09166666666666666
1 0.098125 0.16916666666666666 0.08125 0.041666666666666664
0 0.265 0.3425 0.4975 0.45166666666666666
0 0.265625 0.7766666666666666 0.51875 0.44333333333333336
0 0.755625 0.7808333333333334 0.48375 0.435
0 0.74875 0.33916666666666667 0.4975 0.445
