1 0.29375 0.38555555555555554 0.0475 0.05555555555555555
1 0.320625 0.10888888888888888 0.06375 0.04888888888888889
5 0.2925 0.23555555555555555 0.0925 0.17777777777777778
7 0.3625 0.6922222222222222 0.17 0.2733333333333333
1 0.478125 0.6566666666666666 0.07375 0.07777777777777778
1 0.300625 0.5111111111111111 0.05875 0.035555555555555556
4 0.5575 0.26555555555555554 0.0825 0.16666666666666666
1 0.568125 0.3888888888888889 0.06875 0.044444444444444446
1 0.5525 0.5055555555555555 0.05 0.042222222222222223
1 0.545625 0.14444444444444443 0.04625 0.044444444444444446
0 0.37125 0.2611111111111111 0.2875 0.46
0 0.38 0.7055555555555556 0.2825 0.47333333333333333
0 0.665 0.7022222222222222 0.3125 0.4666666666666667
0 0.66 0.26666666666666666 0.3275 0.4444444444444444
5 0.37625 0.24666666666666667 0.0775 0.16444444444444445
5 0.45625 0.24666666666666667 0.0825 0.16
3 0.289375 0.22666666666666666 0.03125 0.05333333333333334
3 0.370625 0.2388888888888889 0.02875 0.05555555555555555
3 0.455625 0.23555555555555555 0.02875 0.057777777777777775
1 0.37875 0.39111111111111113 0.0475 0.044444444444444446
1 0.46625 0.3888888888888889 0.0725 0.05333333333333334
1 0.55875 0.23333333333333334 0.0525 0.04
1 0.663125 0.23555555555555555 0.06875 0.044444444444444446
1 0.75875 0.23555555555555555 0.0475 0.035555555555555556
1 0.656875 0.39444444444444443 0.05375 0.051111111111111114
1 0.759375 0.38666666666666666 0.04375 0.035555555555555556
2 0.55625 0.2822222222222222 0.03 0.05333333333333334
2 0.6575 0.28444444444444444 0.04 0.05333333333333334
2 0.7525 0.2777777777777778 0.035 0.057777777777777775
4 0.66 0.2633333333333333 0.0875 0.1622222222222222
4 0.76125 0.2577777777777778 0.1 0.1688888888888889
1 0.4725 0.7222222222222222 0.0675 0.057777777777777775
1 0.476875 0.7866666666666666 0.05125 0.05333333333333334
1 0.604375 0.6688888888888889 0.05625 0.057777777777777775
