1 0.790625 0.6 0.08875 0.03333333333333333
1 0.6775 0.47833333333333333 0.0875 0.03333333333333333
1 0.665625 0.17666666666666667 0.06875 0.023333333333333334
2 0.661875 0.21083333333333334 0.03625 0.028333333333333332
1 0.82375 0.16416666666666666 0.095 0.025
2 0.82 0.20583333333333334 0.0325 0.028333333333333332
1 0.66875 0.29 0.105 0.03333333333333333
4 0.675 0.20333333333333334 0.1225 0.09333333333333334
1 0.838125 0.2725 0.08625 0.03166666666666667
1 0.959375 0.2633333333333333 0.04375 0.023333333333333334
1 0.94375 0.16 0.05 0.016666666666666666
2 0.9525 0.2025 0.0275 0.03166666666666667
4 0.953125 0.18416666666666667 0.09375 0.095
4 0.8275 0.18833333333333332 0.12 0.09333333333333334
1 0.635625 0.10416666666666667 0.05625 0.028333333333333332
1 0.503125 0.6291666666666667 0.10375 0.041666666666666664
1 0.464375 0.5816666666666667 0.25375 0.08
1 0.450625 0.5258333333333334 0.26875 0.075
7 0.176875 0.6291666666666667 0.19125 0.165
1 0.075 0.5 0.105 0.05333333333333334
1 0.0875 0.33416666666666667 0.085 0.04833333333333333
1 0.2825 0.31333333333333335 0.075 0.04
1 0.4825 0.2875 0.115 0.058333333333333334
3 0.430625 0.2275 0.03125 0.03166666666666667
3 0.276875 0.21333333333333335 0.03125 0.03
3 0.09625 0.21083333333333334 0.035 0.035
1 0.28125 0.1475 0.1025 0.03166666666666667
1 0.451875 0.17083333333333334 0.09875 0.045
1 0.101875 0.155 0.11125 0.04
5 0.44375 0.1925 0.125 0.165
5 0.28375 0.185 0.15 0.16666666666666666
5 0.11 0.18166666666666667 0.155 0.18
1 0.116875 0.04 0.12125 0.03333333333333333
0 0.330625 0.6566666666666666 0.66125 0.44
0 0.80125 0.6491666666666667 0.3975 0.445
0 0.304375 0.23583333333333334 0.60875 0.4683333333333333
0 0.7925 0.25083333333333335 0.415 0.3883333333333333
