1 0.570625 0.15916666666666668 0.08625 0.055
1 0.5625 0.41583333333333333 0.1075 0.051666666666666666
1 0.71125 0.4191666666666667 0.09 0.04833333333333333
1 0.844375 0.41083333333333333 0.06125 0.041666666666666664
1 0.146875 0.14083333333333334 0.13375 0.075
1 0.380625 0.33666666666666667 0.09625 0.08
1 0.243125 0.31833333333333336 0.05875 0.06333333333333334
1 0.101875 0.30916666666666665 0.06625 0.055
1 0.4 0.43666666666666665 0.1175 0.04666666666666667
1 0.23625 0.42833333333333334 0.0775 0.03666666666666667
1 0.1025 0.4175 0.0825 0.051666666666666666
1 0.566875 0.535 0.10375 0.05
1 0.659375 0.7275 0.11625 0.045
1 0.12 0.5433333333333333 0.1 0.05333333333333334
1 0.365625 0.6066666666666667 0.19875 0.07333333333333333
1 0.3775 0.6725 0.2025 0.041666666666666664
1 0.369375 0.7308333333333333 0.15625 0.03833333333333333
8 0.199375 0.7158333333333333 0.17625 0.19833333333333333
3 0.823125 0.31666666666666665 0.03125 0.03666666666666667
3 0.694375 0.31416666666666665 0.02875 0.03833333333333333
3 0.554375 0.305 0.03375 0.03666666666666667
4 0.848125 0.31583333333333335 0.09625 0.12833333333333333
4 0.7175 0.30833333333333335 0.0925 0.12666666666666668
4 0.583125 0.305 0.10875 0.12333333333333334
0 0.74875 0.24416666666666667 0.5025 0.485
0 0.744375 0.7333333333333333 0.51125 0.5333333333333333
0 0.26625 0.7333333333333333 0.49 0.5333333333333333
5 0.378125 0.3358333333333333 0.11375 0.12833333333333333
5 0.243125 0.3308333333333333 0.10375 0.12833333333333333
5 0.105 0.3175 0.1 0.11833333333333333
0 0.268125 0.24333333333333335 0.48875 0.4866666666666667
