1 0.12 0.04 0.1175 0.03333333333333333
1 0.58125 0.056666666666666664 0.095 0.043333333333333335
1 0.11375 0.28833333333333333 0.115 0.02666666666666667
1 0.276875 0.28833333333333333 0.10875 0.03
1 0.42875 0.3016666666666667 0.12 0.04666666666666667
3 0.58875 0.3 0.03 0.043333333333333335
3 0.729375 0.30083333333333334 0.03625 0.041666666666666664
3 0.8625 0.315 0.035 0.04
4 0.593125 0.3 0.11875 0.15
4 0.73125 0.305 0.1125 0.14333333333333334
4 0.865 0.31916666666666665 0.115 0.14833333333333334
1 0.585 0.4116666666666667 0.105 0.02666666666666667
1 0.721875 0.415 0.08875 0.04
1 0.861875 0.41 0.06875 0.02666666666666667
1 0.1225 0.43083333333333335 0.0675 0.03166666666666667
1 0.2725 0.4141666666666667 0.07 0.03166666666666667
1 0.435625 0.4141666666666667 0.10125 0.028333333333333332
5 0.114375 0.2925 0.13375 0.17833333333333334
5 0.27375 0.2941666666666667 0.125 0.17833333333333334
5 0.426875 0.30083333333333334 0.13125 0.17833333333333334
1 0.580625 0.5516666666666666 0.08125 0.03
1 0.12125 0.5508333333333333 0.0875 0.028333333333333332
1 0.368125 0.615 0.21875 0.03
8 0.183125 0.7908333333333334 0.23625 0.20166666666666666
1 0.693125 0.7825 0.12375 0.03166666666666667
0 0.729375 0.2725 0.45125 0.4816666666666667
0 0.72625 0.7358333333333333 0.455 0.475
0 0.271875 0.7375 0.47375 0.475
0 0.275625 0.2683333333333333 0.48125 0.49
1 0.373125 0.6591666666666667 0.22125 0.03166666666666667
1 0.329375 0.7066666666666667 0.15125 0.03
