1 0.16 0.0975 0.175 0.04833333333333333
1 0.066875 0.37083333333333335 0.07125 0.03833333333333333
1 0.234375 0.3408333333333333 0.08375 0.051666666666666666
1 0.390625 0.42916666666666664 0.07375 0.045
1 0.398125 0.24916666666666668 0.10125 0.051666666666666666
3 0.066875 0.31833333333333336 0.03875 0.04666666666666667
3 0.22375 0.2916666666666667 0.03 0.04
3 0.3525 0.20583333333333334 0.035 0.03166666666666667
3 0.369375 0.37666666666666665 0.03375 0.043333333333333335
1 0.870625 0.14416666666666667 0.19875 0.051666666666666666
1 0.690625 0.3441666666666667 0.16625 0.065
1 0.65 0.24833333333333332 0.085 0.04
1 0.6525 0.10083333333333333 0.195 0.058333333333333334
3 0.644375 0.20666666666666667 0.03125 0.03333333333333333
5 0.648125 0.23333333333333334 0.13875 0.13666666666666666
1 0.714375 0.5316666666666666 0.18875 0.07666666666666666
1 0.79625 0.6458333333333334 0.06 0.045
2 0.8325 0.7133333333333334 0.2325 0.23333333333333334
1 0.260625 0.5308333333333334 0.08125 0.035
1 0.2675 0.6916666666666667 0.0825 0.05333333333333334
1 0.375625 0.5808333333333333 0.08875 0.03833333333333333
1 0.146875 0.6083333333333333 0.08375 0.043333333333333335
5 0.148125 0.6116666666666667 0.15125 0.08333333333333333
5 0.37875 0.59 0.1575 0.07666666666666666
5 0.259375 0.6983333333333334 0.15125 0.09
3 0.1 0.8566666666666667 0.045 0.06
3 0.27875 0.8175 0.0475 0.058333333333333334
3 0.415625 0.7858333333333334 0.04125 0.055
0 0.78875 0.7158333333333333 0.4225 0.5683333333333334
0 0.76875 0.2425 0.4625 0.485
0 0.29 0.26166666666666666 0.58 0.5233333333333333
0 0.32 0.7408333333333333 0.64 0.5183333333333333
2 0.8175 0.7 0.065 0.09
1 0.886875 0.205 0.21625 0.07333333333333333
1 0.884375 0.2891666666666667 0.18125 0.07833333333333334
