0 0.285625 0.2833333333333333 0.52375 0.5066666666666667
0 0.7625 0.2816666666666667 0.475 0.5033333333333333
0 0.2725 0.7425 0.5275 0.515
0 0.760625 0.7416666666666667 0.47875 0.5166666666666667
1 0.75 0.555 0.105 0.05333333333333334
1 0.734375 0.7233333333333334 0.16125 0.06
1 0.231875 0.5675 0.13375 0.06166666666666667
1 0.4025 0.605 0.2225 0.06333333333333334
1 0.42 0.6541666666666667 0.1975 0.051666666666666666
1 0.423125 0.7141666666666666 0.15625 0.03833333333333333
8 0.236875 0.7916666666666666 0.26375 0.22333333333333333
1 0.135625 0.36583333333333334 0.07625 0.051666666666666666
1 0.419375 0.39166666666666666 0.13875 0.04666666666666667
1 0.420625 0.3025 0.16625 0.04833333333333333
1 0.344375 0.1675 0.12125 0.035
1 0.349375 0.23333333333333334 0.07625 0.03333333333333333
1 0.1775 0.2425 0.14 0.058333333333333334
1 0.194375 0.0925 0.14125 0.055
3 0.583125 0.2375 0.03625 0.03833333333333333
3 0.734375 0.2275 0.03375 0.051666666666666666
3 0.88 0.225 0.04 0.05
1 0.605 0.3233333333333333 0.095 0.043333333333333335
1 0.750625 0.3175 0.08625 0.045
1 0.889375 0.3025 0.06875 0.035
4 0.753125 0.23166666666666666 0.07875 0.08
4 0.90125 0.22666666666666666 0.1 0.08
4 0.606875 0.2425 0.11125 0.08166666666666667
1 0.705 0.09916666666666667 0.1275 0.051666666666666666
5 0.426875 0.30833333333333335 0.20625 0.10666666666666667
5 0.3475 0.16416666666666666 0.1525 0.10833333333333334
5 0.18 0.2525 0.195 0.135
