0 0.7375 0.25485436893203883 0.48 0.4773462783171521
0 0.26125 0.25080906148867316 0.5 0.4627831715210356
0 0.271875 0.7241100323624595 0.50875 0.5258899676375405
2 0.2675 0.2669902912621359 0.3425 0.343042071197411
1 0.12875 0.08656957928802589 0.2375 0.13106796116504854
1 0.266875 0.2588996763754045 0.07625 0.061488673139158574
1 0.2275 0.35760517799352753 0.1875 0.04854368932038835
1 0.62375 0.18122977346278318 0.1925 0.3300970873786408
1 0.589375 0.3932038834951456 0.04875 0.025889967637540454
1 0.843125 0.17718446601941748 0.10125 0.05016181229773463
1 0.563125 0.5542071197411004 0.08875 0.05663430420711974
1 0.753125 0.5655339805825242 0.09125 0.04692556634304207
1 0.73875 0.6593851132686084 0.305 0.06957928802588997
1 0.57875 0.7629449838187702 0.07 0.030744336569579287
1 0.758125 0.7362459546925566 0.07625 0.042071197411003236
1 0.9225 0.7556634304207119 0.0625 0.04854368932038835
1 0.9325 0.9207119741100324 0.0775 0.07766990291262135
1 0.76625 0.9166666666666666 0.0775 0.06310679611650485
1 0.58875 0.9110032362459547 0.0725 0.061488673139158574
1 0.054375 0.5453074433656958 0.08625 0.0744336569579288
3 0.141875 0.7540453074433657 0.05625 0.08414239482200647
3 0.225 0.7200647249190939 0.035 0.061488673139158574
3 0.316875 0.6925566343042071 0.05375 0.05825242718446602
3 0.383125 0.6610032362459547 0.04375 0.07928802588996764
3 0.583125 0.7985436893203883 0.03625 0.06634304207119741
3 0.765625 0.790453074433657 0.04625 0.059870550161812294
3 0.928125 0.8098705501618123 0.04625 0.05663430420711974
4 0.599375 0.39239482200647247 0.14125 0.06310679611650485
4 0.86125 0.2564724919093851 0.23 0.2928802588996764
4 0.77125 0.5574433656957929 0.205 0.0825242718446602
5 0.58625 0.7888349514563107 0.1025 0.1343042071197411
5 0.760625 0.7742718446601942 0.13875 0.1407766990291262
5 0.92375 0.7815533980582524 0.1125 0.1553398058252427
0 0.74875 0.7346278317152104 0.4925 0.511326860841424
7 0.25625 0.7637540453074434 0.4775 0.34951456310679613
