1 0.50375 0.5166666666666667 0.0725 0.03
1 0.0725 0.5041666666666667 0.0875 0.035
1 0.346875 0.5533333333333333 0.17875 0.03666666666666667
1 0.3575 0.6133333333333333 0.18 0.03333333333333333
1 0.344375 0.6816666666666666 0.13875 0.03333333333333333
8 0.155625 0.7266666666666667 0.22625 0.21333333333333335
1 0.823125 0.3825 0.05125 0.035
1 0.665 0.3858333333333333 0.0825 0.045
1 0.51 0.38333333333333336 0.08 0.03
1 0.4 0.3516666666666667 0.0975 0.03
1 0.25125 0.3491666666666667 0.065 0.035
1 0.088125 0.3675 0.05875 0.03833333333333333
1 0.50625 0.12 0.055 0.04
1 0.0775 0.10666666666666667 0.1 0.03333333333333333
3 0.805 0.26916666666666667 0.0325 0.03833333333333333
4 0.845 0.2875 0.1275 0.14833333333333334
3 0.649375 0.2683333333333333 0.03625 0.04666666666666667
3 0.501875 0.26666666666666666 0.02875 0.04666666666666667
4 0.693125 0.2758333333333333 0.13625 0.145
4 0.534375 0.27 0.11625 0.13
1 0.66125 0.6708333333333333 0.065 0.03166666666666667
1 0.106875 0.2175 0.09375 0.03166666666666667
1 0.26625 0.20833333333333334 0.0875 0.03
1 0.405 0.24916666666666668 0.105 0.055
5 0.405625 0.24083333333333334 0.11125 0.13833333333333334
5 0.265 0.23333333333333334 0.1175 0.14
5 0.106875 0.24166666666666667 0.12625 0.14
0 0.685 0.285 0.45 0.3933333333333333
0 0.24875 0.26916666666666667 0.4425 0.3616666666666667
0 0.68125 0.6625 0.45 0.435
0 0.250625 0.66 0.44375 0.44333333333333336
