5 0.128125 0.295 0.11375 0.15333333333333332
5 0.241875 0.29833333333333334 0.10875 0.15666666666666668
5 0.3775 0.31083333333333335 0.125 0.16833333333333333
4 0.62625 0.25333333333333335 0.115 0.13666666666666666
4 0.76375 0.25 0.12 0.15
4 0.893125 0.2525 0.12625 0.14833333333333334
1 0.06125 0.13416666666666666 0.06 0.055
1 0.128125 0.2633333333333333 0.07375 0.05
1 0.241875 0.25666666666666665 0.06875 0.03666666666666667
1 0.374375 0.27666666666666667 0.08875 0.03666666666666667
1 0.1 0.4175 0.05 0.041666666666666664
1 0.22625 0.42 0.045 0.03666666666666667
1 0.368125 0.42583333333333334 0.07375 0.03833333333333333
1 0.55875 0.13583333333333333 0.045 0.041666666666666664
1 0.62 0.23416666666666666 0.0475 0.03833333333333333
1 0.758125 0.23166666666666666 0.08125 0.03333333333333333
1 0.879375 0.24166666666666667 0.04875 0.03333333333333333
2 0.6325 0.27166666666666667 0.0425 0.05
2 0.7625 0.2733333333333333 0.0525 0.04666666666666667
2 0.89625 0.27 0.0475 0.05
1 0.611875 0.38916666666666666 0.06875 0.041666666666666664
1 0.759375 0.37833333333333335 0.06375 0.04
1 0.900625 0.365 0.04625 0.03666666666666667
1 0.07 0.5941666666666666 0.0625 0.03833333333333333
1 0.45625 0.675 0.1725 0.043333333333333335
1 0.460625 0.7316666666666667 0.16875 0.04666666666666667
1 0.449375 0.7933333333333333 0.07875 0.043333333333333335
1 0.59125 0.5775 0.06 0.03833333333333333
1 0.76375 0.7891666666666667 0.0575 0.09833333333333333
7 0.14875 0.7608333333333334 0.1925 0.225
0 0.275 0.3075 0.545 0.46166666666666667
0 0.755 0.32 0.4825 0.47333333333333333
0 0.285625 0.7591666666666667 0.57125 0.4816666666666667
0 0.7625 0.7591666666666667 0.465 0.4716666666666667
