1 0.6 0.6744444444444444 0.0625 0.03777777777777778
1 0.50875 0.52 0.0425 0.035555555555555556
1 0.375 0.5744444444444444 0.1425 0.04666666666666667
8 0.221875 0.7311111111111112 0.15625 0.27555555555555555
1 0.16 0.54 0.0575 0.04
1 0.16875 0.10222222222222223 0.08 0.04888888888888889
1 0.50125 0.10111111111111111 0.05 0.03777777777777778
1 0.6375 0.3811111111111111 0.055 0.03777777777777778
1 0.75375 0.36 0.0325 0.03111111111111111
1 0.5175 0.39444444444444443 0.065 0.03777777777777778
1 0.38875 0.3566666666666667 0.0675 0.03333333333333333
1 0.283125 0.34444444444444444 0.04875 0.044444444444444446
1 0.163125 0.35444444444444445 0.03625 0.042222222222222223
1 0.18 0.2388888888888889 0.06 0.028888888888888888
1 0.276875 0.25 0.03875 0.05555555555555555
1 0.3825 0.25666666666666665 0.0575 0.05555555555555555
4 0.52875 0.28888888888888886 0.095 0.13333333333333333
4 0.65625 0.2833333333333333 0.105 0.14444444444444443
4 0.78 0.27111111111111114 0.095 0.14222222222222222
5 0.18375 0.24888888888888888 0.075 0.1288888888888889
5 0.28625 0.2577777777777778 0.0775 0.1288888888888889
5 0.38375 0.2722222222222222 0.0775 0.12666666666666668
1 0.38375 0.6411111111111111 0.13 0.051111111111111114
1 0.36875 0.7144444444444444 0.095 0.03777777777777778
3 0.5 0.2911111111111111 0.0175 0.04
3 0.61875 0.27555555555555555 0.02 0.04
3 0.74875 0.2644444444444444 0.02 0.04
0 0.6475 0.27555555555555555 0.3725 0.44
0 0.66125 0.7122222222222222 0.36 0.4866666666666667
0 0.30625 0.7344444444444445 0.3725 0.4866666666666667
0 0.30125 0.2833333333333333 0.365 0.45555555555555555
