5 0.249375 0.16555555555555557 0.09875 0.1622222222222222
5 0.438125 0.18666666666666668 0.08875 0.16
5 0.34625 0.3244444444444444 0.1025 0.2
4 0.635 0.18444444444444444 0.1025 0.15555555555555556
4 0.755625 0.17888888888888888 0.10375 0.1622222222222222
4 0.8775 0.1811111111111111 0.1075 0.1622222222222222
6 0.305625 0.73 0.11625 0.22444444444444445
1 0.695625 0.71 0.08625 0.11333333333333333
1 0.63125 0.19333333333333333 0.0725 0.05333333333333334
1 0.76 0.18888888888888888 0.0925 0.04888888888888889
1 0.86875 0.1711111111111111 0.0575 0.044444444444444446
1 0.61125 0.025555555555555557 0.075 0.042222222222222223
1 0.655 0.49 0.085 0.042222222222222223
1 0.47625 0.5922222222222222 0.1875 0.07333333333333333
1 0.4725 0.6622222222222223 0.185 0.057777777777777775
1 0.449375 0.7255555555555555 0.14125 0.05555555555555555
1 0.246875 0.5022222222222222 0.09375 0.04888888888888889
1 0.246875 0.028888888888888888 0.09375 0.05333333333333334
1 0.25 0.14666666666666667 0.08 0.05333333333333334
2 0.244375 0.19555555555555557 0.05375 0.05333333333333334
1 0.3425 0.2722222222222222 0.0425 0.05555555555555555
2 0.34375 0.33444444444444443 0.0625 0.07333333333333333
2 0.43375 0.21333333333333335 0.0475 0.04888888888888889
1 0.44125 0.15666666666666668 0.07 0.06888888888888889
