1 0.24375 0.15222222222222223 0.0625 0.024444444444444446
1 0.20125 0.2388888888888889 0.055 0.02
1 0.185625 0.3477777777777778 0.04375 0.03777777777777778
2 0.1925 0.2777777777777778 0.0325 0.035555555555555556
5 0.1925 0.2577777777777778 0.0925 0.11555555555555555
5 0.29625 0.24888888888888888 0.105 0.1288888888888889
1 0.29625 0.23 0.065 0.02
2 0.281875 0.27555555555555555 0.03875 0.04888888888888889
1 0.281875 0.3322222222222222 0.03875 0.024444444444444446
5 0.3975 0.22777777777777777 0.085 0.13111111111111112
1 0.39875 0.22444444444444445 0.065 0.04
2 0.385625 0.2777777777777778 0.02625 0.04
1 0.393125 0.32666666666666666 0.06875 0.022222222222222223
1 0.52375 0.16666666666666666 0.04 0.02666666666666667
4 0.511875 0.27444444444444444 0.07875 0.09111111111111111
1 0.515625 0.29333333333333333 0.03875 0.017777777777777778
1 0.50875 0.35444444444444445 0.055 0.024444444444444446
4 0.599375 0.27111111111111114 0.09125 0.09333333333333334
1 0.59875 0.2911111111111111 0.065 0.022222222222222223
1 0.605 0.3422222222222222 0.0575 0.022222222222222223
4 0.69875 0.26 0.0825 0.08
1 0.7075 0.25222222222222224 0.0325 0.02
1 0.705 0.33 0.035 0.024444444444444446
1 0.53875 0.5044444444444445 0.05 0.02666666666666667
1 0.590625 0.6266666666666667 0.08625 0.035555555555555556
0 0.2725 0.3055555555555556 0.3725 0.36666666666666664
1 0.176875 0.51 0.05375 0.028888888888888888
1 0.338125 0.5955555555555555 0.12875 0.035555555555555556
1 0.335625 0.6466666666666666 0.12375 0.04
1 0.324375 0.7111111111111111 0.10375 0.035555555555555556
8 0.17125 0.7011111111111111 0.175 0.24222222222222223
0 0.23625 0.7055555555555556 0.4475 0.4822222222222222
0 0.66125 0.6933333333333334 0.425 0.48444444444444446
0 0.626875 0.29333333333333333 0.35125 0.3511111111111111
