0 0.728125 0.29833333333333334 0.46375 0.37333333333333335
0 0.2775 0.2925 0.45 0.3516666666666667
0 0.275625 0.6516666666666666 0.44875 0.3933333333333333
0 0.721875 0.6541666666666667 0.47875 0.385
1 0.566875 0.5191666666666667 0.06625 0.035
1 0.63 0.6641666666666667 0.0925 0.03833333333333333
3 0.603125 0.4191666666666667 0.01625 0.025
1 0.63875 0.41583333333333333 0.045 0.028333333333333332
3 0.58 0.31583333333333335 0.0225 0.025
1 0.65125 0.30833333333333335 0.1125 0.03666666666666667
3 0.5875 0.19583333333333333 0.0275 0.041666666666666664
1 0.631875 0.20166666666666666 0.05375 0.03666666666666667
4 0.61625 0.20083333333333334 0.105 0.10166666666666667
4 0.63625 0.325 0.1575 0.10666666666666667
4 0.63375 0.4225 0.09 0.065
1 0.780625 0.19 0.08625 0.04666666666666667
1 0.8075 0.30083333333333334 0.1325 0.041666666666666664
1 0.784375 0.4125 0.12625 0.041666666666666664
1 0.384375 0.5275 0.15125 0.04833333333333333
1 0.404375 0.5725 0.14375 0.035
1 0.405625 0.6258333333333334 0.08625 0.051666666666666666
1 0.116875 0.49666666666666665 0.07125 0.04
7 0.218125 0.6333333333333333 0.26625 0.22
1 0.13375 0.42083333333333334 0.065 0.03166666666666667
1 0.290625 0.4166666666666667 0.06625 0.03
1 0.41625 0.42333333333333334 0.09 0.03333333333333333
5 0.423125 0.32666666666666666 0.10625 0.13333333333333333
5 0.29125 0.32416666666666666 0.11 0.14166666666666666
5 0.149375 0.3275 0.11125 0.145
1 0.13875 0.16916666666666666 0.0825 0.035
1 0.535 0.1475 0.0475 0.035
