1 0.085 0.0625 0.1125 0.045
1 0.11375 0.20583333333333334 0.1075 0.035
1 0.40625 0.20083333333333334 0.125 0.041666666666666664
1 0.251875 0.37083333333333335 0.10375 0.041666666666666664
1 0.539375 0.0425 0.06375 0.045
1 0.546875 0.2733333333333333 0.07375 0.04666666666666667
1 0.715625 0.26166666666666666 0.11625 0.03666666666666667
1 0.8825 0.25583333333333336 0.07 0.041666666666666664
1 0.075625 0.5316666666666666 0.08125 0.05
1 0.418125 0.6166666666666667 0.15375 0.05
1 0.430625 0.6775 0.15375 0.045
1 0.42375 0.7325 0.115 0.045
1 0.559375 0.5333333333333333 0.07625 0.04666666666666667
1 0.669375 0.7325 0.08625 0.085
2 0.11375 0.275 0.0475 0.043333333333333335
2 0.253125 0.44333333333333336 0.04875 0.04666666666666667
2 0.40875 0.2875 0.0425 0.041666666666666664
5 0.115 0.2275 0.1275 0.18166666666666667
5 0.406875 0.23 0.14125 0.20666666666666667
5 0.25625 0.3883333333333333 0.14 0.19333333333333333
4 0.566875 0.2725 0.12625 0.145
4 0.725625 0.2658333333333333 0.14625 0.15166666666666667
4 0.893125 0.2683333333333333 0.13625 0.16
0 0.26125 0.25083333333333335 0.5 0.5016666666666667
0 0.746875 0.25583333333333336 0.50125 0.505
0 0.2725 0.74 0.515 0.5166666666666667
0 0.74375 0.7408333333333333 0.4825 0.5183333333333333
