0 0.76875 0.2758333333333333 0.4375 0.49833333333333335
0 0.32125 0.7308333333333333 0.4775 0.495
0 0.77 0.7375 0.4375 0.475
0 0.323125 0.26666666666666666 0.47625 0.48
1 0.18875 0.18416666666666667 0.125 0.065
3 0.183125 0.2975 0.03375 0.06166666666666667
3 0.33375 0.29333333333333333 0.04 0.056666666666666664
1 0.356875 0.16583333333333333 0.12625 0.035
3 0.479375 0.305 0.03875 0.056666666666666664
1 0.499375 0.2025 0.10125 0.11833333333333333
5 0.183125 0.24833333333333332 0.16125 0.24666666666666667
5 0.3525 0.23333333333333334 0.1575 0.24333333333333335
5 0.4925 0.2325 0.1175 0.23833333333333334
1 0.4875 0.39 0.105 0.043333333333333335
1 0.335625 0.39666666666666667 0.06875 0.043333333333333335
1 0.170625 0.4141666666666667 0.08125 0.055
1 0.184375 0.075 0.12625 0.05
1 0.6175 0.09583333333333334 0.07 0.045
2 0.621875 0.28833333333333333 0.04375 0.05333333333333334
1 0.650625 0.22666666666666666 0.08375 0.08
1 0.786875 0.23333333333333334 0.12875 0.08
2 0.756875 0.2991666666666667 0.04375 0.04833333333333333
1 0.919375 0.21916666666666668 0.06125 0.03833333333333333
2 0.900625 0.2916666666666667 0.03875 0.04666666666666667
4 0.64 0.2625 0.12 0.165
4 0.78375 0.25666666666666665 0.1525 0.15333333333333332
4 0.915625 0.2575 0.08125 0.14833333333333334
1 0.63 0.405 0.1025 0.07666666666666666
1 0.78375 0.39916666666666667 0.105 0.08833333333333333
1 0.913125 0.37083333333333335 0.06375 0.045
1 0.62125 0.5616666666666666 0.095 0.04666666666666667
1 0.7175 0.7016666666666667 0.1025 0.056666666666666664
1 0.446875 0.6683333333333333 0.16625 0.09666666666666666
1 0.4625 0.7591666666666667 0.16 0.08833333333333333
1 0.47875 0.8566666666666667 0.105 0.07666666666666666
1 0.179375 0.5566666666666666 0.12625 0.07333333333333333
7 0.26125 0.7733333333333333 0.2875 0.30666666666666664
