0 0.665 0.24666666666666667 0.35 0.4177777777777778
0 0.67875 0.7133333333333334 0.365 0.5377777777777778
0 0.285625 0.7177777777777777 0.42125 0.5288888888888889
0 0.28625 0.24555555555555555 0.4075 0.42
1 0.18875 0.07444444444444444 0.155 0.06888888888888889
1 0.166875 0.20777777777777778 0.08875 0.03333333333333333
2 0.16125 0.25666666666666665 0.04 0.051111111111111114
1 0.2775 0.21222222222222223 0.0475 0.05555555555555555
2 0.27125 0.2677777777777778 0.0275 0.05555555555555555
1 0.383125 0.21 0.07125 0.05555555555555555
2 0.376875 0.25555555555555554 0.02875 0.044444444444444446
1 0.163125 0.39666666666666667 0.06875 0.05555555555555555
1 0.2825 0.38555555555555554 0.055 0.03777777777777778
1 0.410625 0.37444444444444447 0.09625 0.03777777777777778
1 0.149375 0.5588888888888889 0.08875 0.07333333333333333
8 0.198125 0.7911111111111111 0.23625 0.31555555555555553
1 0.38 0.5811111111111111 0.175 0.06888888888888889
1 0.4075 0.6533333333333333 0.175 0.07555555555555556
1 0.43 0.7188888888888889 0.1275 0.06444444444444444
1 0.71125 0.6877777777777778 0.135 0.06
1 0.56 0.51 0.085 0.06
1 0.54625 0.09222222222222222 0.0925 0.051111111111111114
4 0.541875 0.24666666666666667 0.10875 0.13777777777777778
3 0.5025 0.25333333333333335 0.015 0.03111111111111111
1 0.545 0.24222222222222223 0.0575 0.044444444444444446
1 0.673125 0.23666666666666666 0.11125 0.13111111111111112
3 0.63 0.24666666666666667 0.015 0.022222222222222223
1 0.68125 0.23222222222222222 0.08 0.03777777777777778
4 0.800625 0.2311111111111111 0.07375 0.12444444444444444
1 0.79375 0.22777777777777777 0.0325 0.03333333333333333
3 0.77125 0.2311111111111111 0.01 0.022222222222222223
1 0.53875 0.3511111111111111 0.0925 0.04888888888888889
1 0.679375 0.3477777777777778 0.08375 0.042222222222222223
1 0.795 0.33555555555555555 0.045 0.035555555555555556
