1 0.52125 0.18083333333333335 0.0775 0.045
1 0.62875 0.24166666666666667 0.045 0.03
1 0.629375 0.35083333333333333 0.07125 0.025
3 0.598125 0.23416666666666666 0.01625 0.021666666666666667
3 0.599375 0.3275 0.01375 0.018333333333333333
3 0.61 0.44333333333333336 0.015 0.02
1 0.639375 0.45416666666666666 0.04625 0.028333333333333332
4 0.6225 0.23333333333333334 0.075 0.07666666666666666
4 0.62625 0.3466666666666667 0.085 0.08333333333333333
4 0.635625 0.4475 0.08125 0.06833333333333333
1 0.804375 0.22416666666666665 0.14625 0.055
1 0.836875 0.34 0.20125 0.043333333333333335
1 0.864375 0.44916666666666666 0.18125 0.055
1 0.523125 0.5441666666666667 0.10375 0.051666666666666666
1 0.59125 0.7566666666666667 0.1025 0.05
1 0.34125 0.6191666666666666 0.1625 0.09166666666666666
1 0.343125 0.72 0.15625 0.07666666666666666
1 0.359375 0.8091666666666667 0.10625 0.041666666666666664
1 0.086875 0.5741666666666667 0.09125 0.045
7 0.17625 0.7491666666666666 0.2225 0.185
1 0.065 0.4625 0.0675 0.045
1 0.19625 0.44666666666666666 0.0775 0.03666666666666667
1 0.351875 0.44416666666666665 0.12125 0.035
1 0.109375 0.18916666666666668 0.11125 0.051666666666666666
5 0.08375 0.35583333333333333 0.0975 0.11166666666666666
5 0.213125 0.35 0.09875 0.11333333333333333
5 0.335625 0.3433333333333333 0.10125 0.11666666666666667
0 0.705 0.32666666666666666 0.5025 0.36666666666666664
0 0.69875 0.7358333333333333 0.515 0.5083333333333333
0 0.245625 0.7358333333333333 0.43125 0.5083333333333333
0 0.254375 0.3325 0.45125 0.375
