0 0.251875 0.2617056856187291 0.49875 0.5100334448160535
1 0.389375 0.5919732441471572 0.16625 0.03678929765886288
0 0.2625 0.7441471571906354 0.51 0.5083612040133779
0 0.743125 0.2516722408026756 0.50625 0.4899665551839465
0 0.745 0.7408026755852842 0.5 0.5183946488294314
1 0.391875 0.6362876254180602 0.17125 0.03177257525083612
1 0.36125 0.68561872909699 0.1125 0.043478260869565216
6 0.16625 0.7650501672240803 0.2325 0.3193979933110368
1 0.076875 0.5468227424749164 0.08625 0.03678929765886288
1 0.54125 0.520066889632107 0.065 0.033444816053511704
1 0.676875 0.697324414715719 0.10125 0.10702341137123746
1 0.5725 0.2692307692307692 0.085 0.046822742474916385
4 0.58 0.2600334448160535 0.1275 0.1588628762541806
4 0.7325 0.25 0.1275 0.16555183946488294
1 0.730625 0.25418060200668896 0.10875 0.04013377926421405
1 0.55375 0.05518394648829431 0.07 0.033444816053511704
1 0.88125 0.23745819397993312 0.0625 0.030100334448160536
4 0.879375 0.23578595317725753 0.12375 0.15384615384615385
1 0.084375 0.04096989966555184 0.10375 0.038461538461538464
1 0.104375 0.16304347826086957 0.09875 0.028428093645484948
2 0.09625 0.229933110367893 0.07 0.06521739130434782
5 0.115 0.2048494983277592 0.1625 0.17892976588628762
1 0.22 0.33361204013377926 0.11 0.028428093645484948
2 0.205 0.3963210702341137 0.0825 0.07023411371237458
5 0.221875 0.38294314381270905 0.16625 0.18394648829431437
1 0.3425 0.17558528428093645 0.1175 0.03678929765886288
2 0.333125 0.21906354515050167 0.07125 0.05016722408026756
5 0.3425 0.20819397993311037 0.1475 0.1688963210702341
