1 0.11625 0.11666666666666667 0.125 0.043333333333333335
1 0.076875 0.2658333333333333 0.10375 0.035
1 0.245625 0.2875 0.11125 0.03166666666666667
1 0.41875 0.2966666666666667 0.15 0.056666666666666664
1 0.07625 0.44166666666666665 0.07 0.05333333333333334
1 0.233125 0.45 0.08375 0.043333333333333335
1 0.4125 0.4575 0.11 0.045
1 0.563125 0.12416666666666666 0.07125 0.045
1 0.574375 0.4325 0.11875 0.065
1 0.729375 0.43166666666666664 0.08875 0.06
1 0.9025 0.42 0.0675 0.05
1 0.084375 0.63 0.10375 0.04666666666666667
1 0.313125 0.6758333333333333 0.26125 0.065
1 0.333125 0.7391666666666666 0.24125 0.035
1 0.323125 0.8166666666666667 0.16125 0.03666666666666667
1 0.585625 0.6358333333333334 0.09625 0.041666666666666664
1 0.6225 0.7833333333333333 0.0925 0.03666666666666667
5 0.083125 0.2916666666666667 0.14375 0.18333333333333332
5 0.24375 0.295 0.16 0.18666666666666668
5 0.416875 0.3025 0.16875 0.215
3 0.561875 0.2866666666666667 0.03875 0.04666666666666667
3 0.699375 0.2833333333333333 0.03125 0.043333333333333335
3 0.873125 0.2825 0.03125 0.04833333333333333
4 0.58375 0.2816666666666667 0.115 0.13666666666666666
4 0.734375 0.28833333333333333 0.13625 0.15666666666666668
4 0.904375 0.29 0.13375 0.16
8 0.15875 0.845 0.21 0.23666666666666666
0 0.25625 0.31 0.5125 0.5833333333333334
0 0.744375 0.31166666666666665 0.50375 0.5766666666666667
0 0.2725 0.7783333333333333 0.545 0.44333333333333336
0 0.748125 0.7725 0.50375 0.455
