1 0.575 0.5899419729206963 0.07 0.04642166344294004
1 0.630625 0.7775628626692457 0.07875 0.061895551257253385
1 0.36125 0.6528046421663443 0.19 0.05222437137330754
1 0.3675 0.7504835589941973 0.1975 0.06963249516441006
1 0.333125 0.8326885880077369 0.11875 0.048355899419729204
8 0.135625 0.776595744680851 0.21125 0.19922630560928434
1 0.06625 0.6073500967117988 0.0675 0.03868471953578337
5 0.105625 0.2601547388781431 0.13875 0.17988394584139264
1 0.096875 0.23404255319148937 0.09875 0.04642166344294004
1 0.28125 0.2514506769825919 0.1025 0.0425531914893617
1 0.45125 0.28433268858800775 0.1125 0.05029013539651837
1 0.084375 0.40135396518375244 0.05375 0.05609284332688588
1 0.26375 0.3984526112185687 0.06 0.05029013539651837
1 0.45 0.41295938104448743 0.0875 0.05222437137330754
5 0.289375 0.27949709864603484 0.14125 0.172147001934236
5 0.4475 0.2978723404255319 0.1325 0.1702127659574468
1 0.09125 0.04642166344294004 0.085 0.05029013539651837
1 0.583125 0.06382978723404255 0.05875 0.04642166344294004
3 0.5775 0.24564796905222436 0.0425 0.0735009671179884
3 0.7425 0.2601547388781431 0.0375 0.07156673114119923
3 0.875625 0.26692456479690524 0.03125 0.06576402321083172
1 0.8775 0.3771760154738878 0.04 0.05029013539651837
1 0.746875 0.3713733075435203 0.06875 0.061895551257253385
1 0.581875 0.37620889748549324 0.06125 0.048355899419729204
4 0.604375 0.2524177949709865 0.11375 0.1218568665377176
4 0.76125 0.25918762088974856 0.11 0.11218568665377177
4 0.901875 0.27079303675048355 0.10875 0.11605415860735009
0 0.755 0.2988394584139265 0.46 0.5783365570599613
0 0.750625 0.7707930367504836 0.46875 0.4584139264990329
0 0.273125 0.7688588007736944 0.51625 0.4622823984526112
0 0.2775 0.28239845261121854 0.525 0.5531914893617021
