2 0.280625 0.32166666666666666 0.32375 0.24333333333333335
0 0.7025 0.24583333333333332 0.5025 0.475
1 0.221875 0.13333333333333333 0.33625 0.13
1 0.6025 0.21333333333333335 0.25 0.3466666666666667
1 0.82625 0.21666666666666667 0.0775 0.06
2 0.82625 0.2783333333333333 0.0625 0.05
4 0.601875 0.42083333333333334 0.18625 0.075
4 0.82375 0.26166666666666666 0.165 0.28
0 0.258125 0.2675 0.45375 0.485
1 0.680625 0.5658333333333333 0.10125 0.03833333333333333
1 0.550625 0.5141666666666667 0.08875 0.035
1 0.34875 0.30333333333333334 0.0775 0.06
1 0.298125 0.3883333333333333 0.21625 0.06333333333333334
1 0.575 0.415 0.0775 0.05333333333333334
1 0.14875 0.5591666666666667 0.1125 0.06166666666666667
3 0.2275 0.7483333333333333 0.0475 0.04
3 0.30125 0.7366666666666667 0.04 0.03666666666666667
3 0.378125 0.7133333333333334 0.03625 0.043333333333333335
3 0.44 0.6816666666666666 0.0325 0.05
7 0.29375 0.7575 0.3725 0.265
0 0.270625 0.7383333333333333 0.45625 0.5233333333333333
1 0.725625 0.6383333333333333 0.33625 0.06666666666666667
1 0.59125 0.755 0.0775 0.05
3 0.58625 0.8166666666666667 0.035 0.043333333333333335
5 0.59375 0.7766666666666666 0.1 0.14333333333333334
1 0.580625 0.8933333333333333 0.05125 0.043333333333333335
1 0.718125 0.8716666666666667 0.05875 0.04666666666666667
1 0.858125 0.8508333333333333 0.05375 0.03833333333333333
3 0.715 0.7983333333333333 0.04 0.05
4 0.6975 0.5708333333333333 0.18 0.07166666666666667
1 0.719375 0.735 0.08875 0.05333333333333334
5 0.72625 0.7608333333333334 0.115 0.15166666666666667
1 0.860625 0.705 0.05375 0.043333333333333335
3 0.854375 0.7591666666666667 0.04625 0.051666666666666666
5 0.860625 0.7416666666666667 0.09875 0.14666666666666667
0 0.731875 0.7208333333333333 0.50625 0.5416666666666666
