0 0.301875 0.2891666666666667 0.42875 0.4083333333333333
0 0.735 0.29833333333333334 0.4325 0.4066666666666667
0 0.301875 0.6983333333333334 0.43625 0.41
0 0.744375 0.7133333333333334 0.43625 0.41
1 0.584375 0.5383333333333333 0.05875 0.03333333333333333
1 0.685625 0.6616666666666666 0.06625 0.03333333333333333
1 0.189375 0.5191666666666667 0.06375 0.03833333333333333
7 0.2625 0.6633333333333333 0.2175 0.22333333333333333
1 0.444375 0.6191666666666666 0.15625 0.145
1 0.179375 0.16083333333333333 0.09375 0.04833333333333333
1 0.191875 0.26416666666666666 0.08625 0.028333333333333332
1 0.3125 0.26 0.0825 0.03333333333333333
1 0.4375 0.2625 0.0975 0.035
1 0.44375 0.3925 0.0775 0.028333333333333332
1 0.31625 0.3875 0.0475 0.028333333333333332
1 0.1875 0.4025 0.06 0.03166666666666667
3 0.196875 0.31583333333333335 0.02875 0.035
3 0.308125 0.2975 0.02875 0.03833333333333333
3 0.426875 0.2966666666666667 0.03125 0.04
5 0.198125 0.29583333333333334 0.10875 0.15833333333333333
5 0.315 0.29083333333333333 0.1025 0.155
5 0.435 0.2941666666666667 0.1125 0.14833333333333334
1 0.576875 0.1675 0.05625 0.041666666666666664
4 0.61875 0.29083333333333333 0.12 0.145
1 0.611875 0.2658333333333333 0.07375 0.028333333333333332
1 0.746875 0.2425 0.09375 0.025
1 0.8625 0.24416666666666667 0.0475 0.028333333333333332
1 0.60125 0.4066666666666667 0.09 0.03666666666666667
1 0.740625 0.3983333333333333 0.07375 0.043333333333333335
1 0.8675 0.3875 0.045 0.03166666666666667
4 0.75125 0.28583333333333333 0.12 0.14166666666666666
4 0.874375 0.2816666666666667 0.10375 0.12333333333333334
2 0.628125 0.305 0.05625 0.056666666666666664
2 0.7525 0.29083333333333333 0.06 0.055
2 0.87375 0.2841666666666667 0.055 0.055
