1 0.135 0.05333333333333334 0.0675 0.04666666666666667
1 0.508125 0.07166666666666667 0.05625 0.04
1 0.13375 0.2708333333333333 0.06 0.03833333333333333
1 0.2875 0.285 0.0625 0.03
1 0.423125 0.2891666666666667 0.08125 0.03833333333333333
1 0.54625 0.29583333333333334 0.08 0.04833333333333333
1 0.699375 0.29083333333333333 0.06875 0.051666666666666666
1 0.855 0.29333333333333333 0.05 0.04
1 0.519375 0.4508333333333333 0.05375 0.035
1 0.12625 0.43583333333333335 0.065 0.03833333333333333
1 0.3875 0.5433333333333333 0.145 0.04
1 0.595 0.5775 0.0575 0.035
7 0.195625 0.6158333333333333 0.21125 0.25833333333333336
4 0.866875 0.20583333333333334 0.11875 0.13833333333333334
4 0.71125 0.19583333333333333 0.1125 0.125
4 0.548125 0.19916666666666666 0.11125 0.13166666666666665
5 0.4225 0.19916666666666666 0.0975 0.135
5 0.294375 0.18833333333333332 0.10375 0.14
5 0.145 0.18 0.1025 0.12666666666666668
1 0.54 0.18583333333333332 0.0475 0.035
1 0.71625 0.18666666666666668 0.0775 0.02666666666666667
1 0.871875 0.1975 0.04375 0.028333333333333332
2 0.86375 0.2325 0.03 0.03166666666666667
2 0.71 0.225 0.0325 0.03
2 0.5425 0.2225 0.0525 0.03166666666666667
1 0.424375 0.1825 0.08375 0.041666666666666664
3 0.416875 0.22916666666666666 0.02625 0.028333333333333332
3 0.288125 0.2225 0.03375 0.028333333333333332
3 0.144375 0.215 0.02875 0.03
1 0.29375 0.16416666666666666 0.075 0.028333333333333332
1 0.13875 0.16083333333333333 0.07 0.035
1 0.39875 0.5833333333333334 0.13 0.03666666666666667
1 0.385625 0.6491666666666667 0.04875 0.058333333333333334
0 0.7075 0.23 0.485 0.3933333333333333
0 0.729375 0.6391666666666667 0.52375 0.475
0 0.284375 0.6366666666666667 0.41125 0.48
0 0.28125 0.22416666666666665 0.3975 0.40166666666666667
