0 0.269375 0.2941666666666667 0.53875 0.5516666666666666
0 0.759375 0.2941666666666667 0.48125 0.5483333333333333
0 0.759375 0.7533333333333333 0.48125 0.49333333333333335
0 0.26625 0.7533333333333333 0.5325 0.49333333333333335
1 0.59 0.0825 0.0625 0.03166666666666667
3 0.69125 0.16416666666666666 0.03 0.03166666666666667
1 0.73 0.17583333333333334 0.0525 0.035
4 0.715625 0.1675 0.09375 0.10833333333333334
0 0.73875 0.3325 0.1425 0.10833333333333334
3 0.690625 0.3275 0.02625 0.03166666666666667
1 0.75 0.3325 0.0925 0.03166666666666667
3 0.699375 0.4875 0.03125 0.03166666666666667
1 0.749375 0.4875 0.05875 0.025
1 0.8825 0.48333333333333334 0.145 0.04
1 0.8875 0.32666666666666666 0.1525 0.03333333333333333
1 0.82625 0.17583333333333334 0.1025 0.06166666666666667
1 0.5925 0.6041666666666666 0.0775 0.03166666666666667
1 0.67375 0.74 0.09 0.05333333333333334
1 0.355625 0.6791666666666667 0.24875 0.051666666666666666
1 0.385625 0.7558333333333334 0.22875 0.03166666666666667
1 0.365625 0.85 0.11375 0.05333333333333334
7 0.13375 0.8316666666666667 0.1775 0.22
1 0.085625 0.595 0.10375 0.04
1 0.085625 0.4041666666666667 0.08375 0.041666666666666664
1 0.269375 0.415 0.08375 0.03
1 0.4525 0.4191666666666667 0.115 0.03166666666666667
5 0.451875 0.29083333333333333 0.12875 0.165
5 0.28125 0.28583333333333333 0.1525 0.175
5 0.094375 0.265 0.14125 0.16333333333333333
1 0.1075 0.0975 0.125 0.035
