0 0.2625 0.32555555555555554 0.44 0.5177777777777778
0 0.683125 0.3522222222222222 0.42375 0.5755555555555556
0 0.260625 0.7811111111111111 0.43375 0.43333333333333335
0 0.680625 0.7822222222222223 0.42875 0.4311111111111111
1 0.52875 0.6266666666666667 0.07 0.044444444444444446
1 0.648125 0.7533333333333333 0.11875 0.06666666666666667
1 0.5575 0.41444444444444445 0.1 0.06
1 0.71 0.4211111111111111 0.085 0.051111111111111114
2 0.703125 0.3022222222222222 0.04375 0.08888888888888889
2 0.55375 0.3111111111111111 0.045 0.07555555555555556
2 0.818125 0.31222222222222223 0.03875 0.09111111111111111
1 0.82375 0.21666666666666667 0.055 0.03777777777777778
1 0.708125 0.22 0.11375 0.044444444444444446
1 0.580625 0.23222222222222222 0.07625 0.051111111111111114
1 0.53375 0.10555555555555556 0.0625 0.03777777777777778
1 0.8325 0.4088888888888889 0.055 0.035555555555555556
4 0.8375 0.2811111111111111 0.1 0.19333333333333333
4 0.714375 0.2777777777777778 0.14625 0.2
4 0.569375 0.28 0.12375 0.21333333333333335
1 0.3825 0.6477777777777778 0.16 0.06888888888888889
1 0.391875 0.7188888888888889 0.14625 0.042222222222222223
1 0.383125 0.8022222222222222 0.08125 0.06666666666666667
7 0.190625 0.7977777777777778 0.22375 0.26222222222222225
1 0.106875 0.6155555555555555 0.08625 0.05333333333333334
1 0.09125 0.38222222222222224 0.065 0.07111111111111111
1 0.216875 0.37222222222222223 0.06625 0.042222222222222223
1 0.3825 0.37777777777777777 0.1225 0.04888888888888889
3 0.373125 0.25666666666666665 0.03375 0.051111111111111114
3 0.22375 0.26 0.035 0.04888888888888889
3 0.094375 0.2722222222222222 0.03375 0.06
1 0.37 0.20222222222222222 0.13 0.044444444444444446
1 0.21625 0.19666666666666666 0.0825 0.024444444444444446
1 0.1025 0.2011111111111111 0.07 0.03333333333333333
1 0.124375 0.09666666666666666 0.09875 0.03777777777777778
5 0.3775 0.23666666666666666 0.175 0.20666666666666667
5 0.226875 0.22777777777777777 0.12625 0.18888888888888888
5 0.10375 0.23333333333333334 0.11 0.17333333333333334
