1 0.6825 0.7133333333333334 0.0925 0.06
1 0.57625 0.5583333333333333 0.0575 0.03666666666666667
1 0.675625 0.38666666666666666 0.04875 0.03
1 0.84 0.395 0.095 0.043333333333333335
1 0.861875 0.2791666666666667 0.12625 0.041666666666666664
1 0.8375 0.20166666666666666 0.0825 0.04
1 0.69625 0.2775 0.11 0.035
1 0.670625 0.19333333333333333 0.05875 0.03
1 0.558125 0.12333333333333334 0.05375 0.03666666666666667
1 0.44875 0.3858333333333333 0.0825 0.028333333333333332
1 0.288125 0.3908333333333333 0.06375 0.03166666666666667
1 0.110625 0.3925 0.05375 0.041666666666666664
1 0.089375 0.5791666666666667 0.07125 0.03833333333333333
1 0.118125 0.12583333333333332 0.10875 0.041666666666666664
1 0.386875 0.6133333333333333 0.19625 0.05333333333333334
1 0.40125 0.6608333333333334 0.18 0.055
1 0.383125 0.7283333333333334 0.08875 0.05
7 0.19875 0.7491666666666666 0.245 0.255
3 0.630625 0.38666666666666666 0.01875 0.03
3 0.630625 0.2875 0.02125 0.028333333333333332
3 0.63 0.195 0.0175 0.02
4 0.664375 0.19333333333333333 0.10625 0.07
4 0.688125 0.2833333333333333 0.15125 0.07666666666666666
4 0.661875 0.39166666666666666 0.11125 0.07
5 0.441875 0.2975 0.11875 0.14166666666666666
5 0.29875 0.29833333333333334 0.1225 0.14333333333333334
5 0.13125 0.29583333333333334 0.1275 0.155
0 0.28 0.7533333333333333 0.5375 0.49333333333333335
0 0.76125 0.7475 0.4775 0.48833333333333334
0 0.749375 0.30416666666666664 0.47375 0.45166666666666666
0 0.27375 0.2916666666666667 0.5025 0.47
