1 0.505625 0.5233463035019456 0.04875 0.0311284046692607
1 0.573125 0.708171206225681 0.05625 0.04669260700389105
1 0.55 0.4260700389105058 0.0375 0.027237354085603113
1 0.66 0.4280155642023346 0.0975 0.04669260700389105
1 0.66625 0.3093385214007782 0.105 0.0311284046692607
1 0.653125 0.18482490272373542 0.07625 0.03501945525291829
1 0.544375 0.1857976653696498 0.04125 0.029182879377431907
1 0.55125 0.3093385214007782 0.0575 0.027237354085603113
1 0.51 0.08657587548638132 0.0525 0.033073929961089495
1 0.135 0.3832684824902724 0.0575 0.05058365758754864
1 0.25875 0.377431906614786 0.05 0.03501945525291829
1 0.391875 0.3745136186770428 0.07375 0.029182879377431907
1 0.14 0.06809338521400778 0.085 0.03501945525291829
1 0.383125 0.5875486381322957 0.12875 0.038910505836575876
1 0.396875 0.6449416342412452 0.12625 0.033073929961089495
1 0.38375 0.72568093385214 0.0725 0.042801556420233464
1 0.11125 0.5223735408560312 0.06 0.04085603112840467
7 0.203125 0.7178988326848249 0.19625 0.2801556420233463
5 0.143125 0.2529182879377432 0.10875 0.17509727626459143
5 0.269375 0.25583657587548636 0.11875 0.17315175097276264
5 0.3925 0.26264591439688717 0.11 0.17120622568093385
3 0.519375 0.42412451361867703 0.01375 0.027237354085603113
3 0.51625 0.3093385214007782 0.0125 0.023346303501945526
3 0.515625 0.17704280155642024 0.01375 0.027237354085603113
4 0.541875 0.17607003891050585 0.08125 0.0914396887159533
4 0.543125 0.3044747081712062 0.08375 0.0914396887159533
4 0.546875 0.42217898832684825 0.08625 0.08560311284046693
0 0.665 0.72568093385214 0.41 0.5214007782101168
0 0.6525 0.2519455252918288 0.385 0.44163424124513617
0 0.26375 0.2529182879377432 0.4 0.45136186770428016
0 0.253125 0.7217898832684825 0.42625 0.5136186770428015
