1 0.094375 0.08333333333333333 0.05375 0.03666666666666667
1 0.161875 0.13833333333333334 0.17875 0.04
1 0.57625 0.09833333333333333 0.0575 0.043333333333333335
1 0.613125 0.21166666666666667 0.15375 0.15666666666666668
1 0.78625 0.18 0.0525 0.03333333333333333
1 0.575 0.3325 0.04 0.021666666666666667
1 0.245625 0.2775 0.04375 0.028333333333333332
1 0.091875 0.5116666666666667 0.06375 0.04666666666666667
1 0.58125 0.4866666666666667 0.0625 0.03
1 0.709375 0.5275 0.05875 0.028333333333333332
1 0.689375 0.5975 0.16875 0.035
1 0.621875 0.6891666666666667 0.05125 0.025
1 0.745625 0.6775 0.06375 0.03166666666666667
1 0.878125 0.67 0.03875 0.03
1 0.61875 0.7983333333333333 0.04 0.03333333333333333
1 0.753125 0.7941666666666667 0.04125 0.035
1 0.875625 0.7858333333333334 0.03875 0.03166666666666667
1 0.228125 0.33 0.10125 0.03666666666666667
2 0.22 0.27166666666666667 0.1625 0.21666666666666667
2 0.791875 0.26416666666666666 0.06625 0.06166666666666667
4 0.79625 0.24083333333333334 0.1525 0.205
5 0.62375 0.7133333333333334 0.1025 0.13
5 0.74875 0.7041666666666667 0.1025 0.11833333333333333
5 0.881875 0.6958333333333333 0.10125 0.125
3 0.184375 0.65 0.03625 0.04666666666666667
3 0.24125 0.6133333333333333 0.035 0.043333333333333335
3 0.305 0.5841666666666666 0.0325 0.03833333333333333
3 0.37 0.5483333333333333 0.035 0.043333333333333335
7 0.27625 0.6483333333333333 0.375 0.30333333333333334
4 0.584375 0.33166666666666667 0.07875 0.043333333333333335
4 0.714375 0.5241666666666667 0.11125 0.058333333333333334
3 0.623125 0.7283333333333334 0.03375 0.04666666666666667
3 0.745625 0.7241666666666666 0.03125 0.035
3 0.881875 0.7175 0.02875 0.041666666666666664
0 0.279375 0.2275 0.47875 0.4116666666666667
0 0.276875 0.6808333333333333 0.47375 0.4716666666666667
0 0.75125 0.22916666666666666 0.465 0.41833333333333333
0 0.750625 0.6933333333333334 0.46875 0.49
