1 0.0875 0.04251968503937008 0.0875 0.025196850393700787
5 0.15 0.23385826771653542 0.105 0.11496062992125984
1 0.1375 0.315748031496063 0.06 0.03307086614173228
5 0.2625 0.231496062992126 0.095 0.10393700787401575
1 0.25125 0.30708661417322836 0.0525 0.025196850393700787
5 0.366875 0.24251968503937008 0.09875 0.11023622047244094
1 0.371875 0.3125984251968504 0.08875 0.023622047244094488
1 0.53625 0.05826771653543307 0.06 0.025196850393700787
3 0.575625 0.14960629921259844 0.02125 0.02204724409448819
3 0.555625 0.22283464566929134 0.01625 0.02047244094488189
3 0.551875 0.28346456692913385 0.01625 0.02204724409448819
1 0.59875 0.2826771653543307 0.0525 0.02047244094488189
1 0.6275 0.2188976377952756 0.115 0.02204724409448819
1 0.62625 0.15354330708661418 0.07 0.026771653543307086
1 0.766875 0.15354330708661418 0.08125 0.026771653543307086
1 0.79 0.21811023622047243 0.1325 0.026771653543307086
1 0.774375 0.28818897637795277 0.10875 0.025196850393700787
4 0.613125 0.14960629921259844 0.11625 0.05354330708661417
4 0.616875 0.2204724409448819 0.15875 0.047244094488188976
4 0.586875 0.284251968503937 0.09875 0.04566929133858268
1 0.6125 0.6275590551181103 0.0525 0.02047244094488189
1 0.529375 0.510236220472441 0.05875 0.031496062992125984
1 0.378125 0.6110236220472441 0.17625 0.031496062992125984
1 0.396875 0.6433070866141732 0.15375 0.029921259842519685
1 0.395625 0.6866141732283465 0.08625 0.03464566929133858
7 0.166875 0.6834645669291338 0.19125 0.16062992125984252
1 0.07375 0.5188976377952756 0.0725 0.029921259842519685
0 0.726875 0.6874015748031496 0.49625 0.48346456692913387
0 0.253125 0.7007874015748031 0.47625 0.462992125984252
0 0.73 0.2606299212598425 0.4925 0.4645669291338583
0 0.25875 0.2637795275590551 0.475 0.47716535433070867
