0 0.290625 0.2833333333333333 0.38375 0.45555555555555555
0 0.28875 0.7377777777777778 0.3875 0.5022222222222222
0 0.654375 0.29444444444444445 0.36625 0.45111111111111113
0 0.65 0.7377777777777778 0.3825 0.49777777777777776
1 0.39375 0.5733333333333334 0.14 0.04888888888888889
1 0.4 0.6288888888888889 0.115 0.044444444444444446
1 0.400625 0.6988888888888889 0.05375 0.03777777777777778
1 0.1975 0.5533333333333333 0.0725 0.035555555555555556
7 0.233125 0.7444444444444445 0.17125 0.2311111111111111
1 0.561875 0.5366666666666666 0.05125 0.03777777777777778
1 0.61625 0.6644444444444444 0.07 0.03111111111111111
1 0.530625 0.37333333333333335 0.07875 0.03111111111111111
1 0.653125 0.36666666666666664 0.05625 0.03111111111111111
1 0.766875 0.35888888888888887 0.03125 0.028888888888888888
1 0.76875 0.20333333333333334 0.0425 0.03777777777777778
1 0.663125 0.19777777777777777 0.09375 0.035555555555555556
1 0.5475 0.20555555555555555 0.0575 0.028888888888888888
1 0.53375 0.13 0.045 0.03777777777777778
2 0.539375 0.2644444444444444 0.02875 0.04
2 0.66125 0.27111111111111114 0.0325 0.04888888888888889
2 0.77 0.26666666666666666 0.03 0.04
4 0.54625 0.23555555555555555 0.0975 0.1511111111111111
4 0.664375 0.24 0.10875 0.14666666666666667
4 0.773125 0.24222222222222223 0.07375 0.1511111111111111
3 0.17375 0.24555555555555555 0.0225 0.03333333333333333
3 0.290625 0.23555555555555555 0.01875 0.02666666666666667
3 0.405 0.23333333333333334 0.02 0.03111111111111111
1 0.40875 0.19555555555555557 0.0975 0.035555555555555556
1 0.293125 0.18444444444444444 0.08125 0.02666666666666667
1 0.180625 0.1922222222222222 0.08125 0.024444444444444446
1 0.17 0.10555555555555556 0.07 0.03333333333333333
1 0.16625 0.3422222222222222 0.05 0.04888888888888889
1 0.29625 0.3388888888888889 0.045 0.03333333333333333
1 0.411875 0.33666666666666667 0.06625 0.028888888888888888
5 0.18125 0.21777777777777776 0.1 0.13333333333333333
5 0.295625 0.21 0.09625 0.12666666666666668
5 0.41 0.21333333333333335 0.1125 0.12444444444444444
