4 0.588125 0.2675 0.11375 0.14166666666666666
1 0.679375 0.7475 0.09125 0.055
4 0.74375 0.25666666666666665 0.1175 0.15333333333333332
4 0.904375 0.2575 0.10875 0.16166666666666665
3 0.6975 0.2475 0.0225 0.035
3 0.86875 0.24833333333333332 0.0225 0.02666666666666667
3 0.55375 0.265 0.025 0.03666666666666667
1 0.595625 0.255 0.05375 0.04
1 0.74875 0.23916666666666667 0.0775 0.03833333333333333
1 0.915 0.24583333333333332 0.045 0.03166666666666667
1 0.736875 0.3825 0.06375 0.058333333333333334
1 0.9 0.37 0.045 0.04
1 0.576875 0.39 0.08875 0.05
1 0.55875 0.1625 0.0425 0.035
0 0.75 0.31833333333333336 0.5 0.38666666666666666
1 0.5625 0.5583333333333333 0.065 0.05
0 0.75125 0.7091666666666666 0.4975 0.435
1 0.37 0.6333333333333333 0.195 0.09
1 0.385625 0.7033333333333334 0.18875 0.08666666666666667
1 0.38125 0.775 0.1525 0.06666666666666667
1 0.05625 0.62 0.075 0.06
8 0.116875 0.8 0.17375 0.15333333333333332
0 0.27125 0.7283333333333334 0.5425 0.44333333333333336
1 0.079375 0.14333333333333334 0.07375 0.05
1 0.23125 0.24333333333333335 0.095 0.03333333333333333
1 0.39625 0.24333333333333335 0.155 0.05333333333333334
1 0.086875 0.24916666666666668 0.08875 0.03166666666666667
1 0.411875 0.3875 0.08875 0.045
1 0.245625 0.4008333333333333 0.05625 0.045
1 0.08 0.44166666666666665 0.0725 0.05
2 0.08875 0.305 0.045 0.04666666666666667
2 0.225625 0.2991666666666667 0.04375 0.04833333333333333
2 0.385 0.2891666666666667 0.0475 0.04833333333333333
5 0.23375 0.2675 0.1275 0.18166666666666667
5 0.395 0.25333333333333335 0.18 0.18
5 0.0875 0.28833333333333333 0.155 0.19666666666666666
0 0.264375 0.3283333333333333 0.52875 0.46
