0 0.73125 0.2625 0.4475 0.4483333333333333
0 0.27125 0.2625 0.475 0.4483333333333333
0 0.731875 0.6925 0.44625 0.415
0 0.2725 0.6933333333333334 0.475 0.41333333333333333
1 0.135 0.07833333333333334 0.1625 0.06
1 0.098125 0.37666666666666665 0.08125 0.05
1 0.24375 0.36916666666666664 0.0825 0.03833333333333333
1 0.423125 0.35 0.13625 0.043333333333333335
5 0.109375 0.27166666666666667 0.11625 0.13666666666666666
5 0.249375 0.28 0.10625 0.13
5 0.39875 0.27 0.095 0.12
1 0.125 0.5416666666666666 0.1175 0.05333333333333334
7 0.405 0.6158333333333333 0.1975 0.16166666666666665
1 0.669375 0.695 0.08625 0.043333333333333335
1 0.591875 0.525 0.10625 0.043333333333333335
1 0.825625 0.4066666666666667 0.19625 0.043333333333333335
1 0.80625 0.28 0.19 0.043333333333333335
1 0.77625 0.15916666666666668 0.13 0.04833333333333333
1 0.579375 0.08083333333333333 0.10125 0.045
1 0.63625 0.175 0.0725 0.043333333333333335
3 0.58625 0.17416666666666666 0.0225 0.025
1 0.646875 0.3016666666666667 0.07125 0.05333333333333334
3 0.59875 0.30333333333333334 0.0175 0.02666666666666667
1 0.654375 0.4141666666666667 0.05625 0.035
3 0.610625 0.4225 0.02125 0.028333333333333332
4 0.626875 0.17 0.12125 0.11666666666666667
4 0.63875 0.3025 0.1175 0.125
4 0.64375 0.4175 0.1225 0.10833333333333334
