0 0.263125 0.26166666666666666 0.48375 0.4166666666666667
0 0.726875 0.26166666666666666 0.49375 0.4166666666666667
0 0.73625 0.6908333333333333 0.475 0.5016666666666667
0 0.27875 0.6966666666666667 0.5125 0.49333333333333335
1 0.143125 0.5066666666666667 0.07125 0.04
1 0.42125 0.5875 0.15 0.041666666666666664
1 0.4325 0.6208333333333333 0.145 0.03166666666666667
1 0.429375 0.6808333333333333 0.09625 0.041666666666666664
1 0.57125 0.49833333333333335 0.05 0.03
1 0.706875 0.6583333333333333 0.06875 0.04
3 0.614375 0.38666666666666666 0.01875 0.023333333333333334
1 0.65625 0.38 0.0425 0.02666666666666667
3 0.604375 0.2791666666666667 0.01625 0.021666666666666667
1 0.658125 0.27166666666666667 0.08625 0.03666666666666667
4 0.65 0.38916666666666666 0.11 0.095
4 0.645 0.2758333333333333 0.115 0.08166666666666667
4 0.65375 0.1525 0.08 0.07166666666666667
3 0.633125 0.1475 0.01625 0.018333333333333333
1 0.668125 0.1525 0.04875 0.035
1 0.78 0.1525 0.08 0.041666666666666664
1 0.809375 0.2625 0.12875 0.045
1 0.791875 0.37916666666666665 0.10625 0.03833333333333333
5 0.125625 0.2658333333333333 0.07875 0.11166666666666666
5 0.25375 0.2758333333333333 0.085 0.105
5 0.39375 0.2825 0.09 0.10833333333333334
1 0.395 0.3541666666666667 0.0775 0.028333333333333332
1 0.25625 0.35583333333333333 0.055 0.021666666666666667
1 0.108125 0.3625 0.04875 0.03166666666666667
1 0.114375 0.125 0.08375 0.03666666666666667
7 0.241875 0.6883333333333334 0.25375 0.23333333333333334
1 0.56375 0.12583333333333332 0.055 0.03166666666666667
