1 0.560625 0.06402439024390244 0.08375 0.0508130081300813
4 0.92 0.18089430894308944 0.105 0.14634146341463414
4 0.733125 0.19207317073170732 0.09875 0.1443089430894309
4 0.55 0.20020325203252032 0.1 0.1483739837398374
1 0.5525 0.5040650406504065 0.095 0.06504065040650407
1 0.665 0.7052845528455285 0.1325 0.07317073170731707
1 0.060625 0.556910569105691 0.08375 0.06504065040650407
1 0.344375 0.5955284552845529 0.22125 0.10569105691056911
8 0.136875 0.8414634146341463 0.22875 0.2886178861788618
1 0.06625 0.34247967479674796 0.0875 0.05894308943089431
1 0.23625 0.30691056910569103 0.075 0.06910569105691057
1 0.37875 0.2936991869918699 0.1225 0.06300813008130081
1 0.081875 0.05386178861788618 0.11375 0.0508130081300813
1 0.08875 0.16158536585365854 0.1375 0.06707317073170732
1 0.24 0.14126016260162602 0.1175 0.0508130081300813
1 0.384375 0.13922764227642276 0.13625 0.046747967479674794
5 0.385625 0.13821138211382114 0.15375 0.14634146341463414
5 0.2375 0.14126016260162602 0.135 0.1565040650406504
5 0.084375 0.17784552845528456 0.15875 0.18089430894308944
0 0.723125 0.23983739837398374 0.55375 0.4796747967479675
0 0.7225 0.7073170731707317 0.555 0.5853658536585366
0 0.229375 0.7317073170731707 0.45875 0.5365853658536586
0 0.231875 0.2550813008130081 0.46375 0.5101626016260162
3 0.52375 0.19817073170731708 0.0275 0.06300813008130081
3 0.700625 0.2032520325203252 0.02875 0.06504065040650407
3 0.89375 0.18292682926829268 0.04 0.08130081300813008
1 0.3525 0.6829268292682927 0.2 0.06910569105691057
1 0.339375 0.8028455284552846 0.15125 0.044715447154471545
