5 0.194375 0.4075 0.07125 0.095
4 0.7025 0.31416666666666665 0.1075 0.095
5 0.29875 0.3983333333333333 0.0775 0.1
5 0.408125 0.395 0.08625 0.11
1 0.21375 0.2658333333333333 0.1075 0.03833333333333333
1 0.18125 0.4975 0.065 0.045
1 0.2925 0.4841666666666667 0.065 0.041666666666666664
1 0.4325 0.4825 0.11 0.03833333333333333
1 0.556875 0.26916666666666667 0.08375 0.03833333333333333
3 0.669375 0.30916666666666665 0.02375 0.03166666666666667
1 0.71625 0.31166666666666665 0.065 0.04
3 0.665 0.42833333333333334 0.0175 0.03333333333333333
1 0.7175 0.4225 0.0825 0.041666666666666664
3 0.676875 0.5408333333333334 0.02375 0.041666666666666664
1 0.715625 0.5383333333333333 0.05125 0.03333333333333333
4 0.71375 0.5466666666666666 0.115 0.09
4 0.705 0.43 0.1075 0.09666666666666666
1 0.87125 0.5341666666666667 0.1425 0.055
1 0.873125 0.4041666666666667 0.15875 0.045
1 0.850625 0.30083333333333334 0.11125 0.051666666666666666
1 0.6025 0.6683333333333333 0.0875 0.03666666666666667
1 0.721875 0.815 0.07125 0.06
1 0.180625 0.6891666666666667 0.08875 0.041666666666666664
1 0.4025 0.7733333333333333 0.18 0.04666666666666667
1 0.418125 0.8175 0.16375 0.035
1 0.426875 0.8841666666666667 0.10625 0.055
7 0.239375 0.8508333333333333 0.19875 0.24833333333333332
0 0.751875 0.8033333333333333 0.49625 0.3933333333333333
0 0.748125 0.40166666666666667 0.50375 0.45666666666666667
0 0.2775 0.4083333333333333 0.46 0.4633333333333333
0 0.2775 0.8133333333333334 0.4825 0.37333333333333335
