1 0.59375 0.11666666666666667 0.0475 0.04
4 0.69 0.17666666666666667 0.0875 0.08666666666666667
1 0.8325 0.16916666666666666 0.09 0.058333333333333334
4 0.691875 0.28 0.08125 0.08333333333333333
1 0.83625 0.2708333333333333 0.1125 0.055
4 0.69625 0.37666666666666665 0.085 0.08
1 0.83125 0.37 0.115 0.05
1 0.603125 0.45916666666666667 0.05125 0.03833333333333333
1 0.41 0.6566666666666666 0.0975 0.06333333333333334
1 0.42875 0.5791666666666667 0.19 0.065
1 0.410625 0.53 0.19375 0.06333333333333334
1 0.0975 0.5108333333333334 0.065 0.03833333333333333
1 0.076875 0.14 0.07875 0.043333333333333335
1 0.090625 0.37333333333333335 0.05625 0.05333333333333334
1 0.229375 0.3516666666666667 0.06125 0.03
1 0.388125 0.3433333333333333 0.08625 0.03666666666666667
5 0.356875 0.25416666666666665 0.10625 0.135
5 0.221875 0.26 0.09375 0.12333333333333334
5 0.09875 0.2675 0.0875 0.135
1 0.659375 0.595 0.05625 0.06
7 0.156875 0.6633333333333333 0.17125 0.16666666666666666
3 0.665625 0.37083333333333335 0.01625 0.025
3 0.663125 0.2708333333333333 0.01375 0.018333333333333333
3 0.663125 0.1725 0.01875 0.025
1 0.700625 0.17833333333333334 0.04625 0.04
1 0.694375 0.2808333333333333 0.07125 0.028333333333333332
1 0.698125 0.3675 0.03625 0.025
0 0.769375 0.6475 0.46125 0.4583333333333333
0 0.7625 0.25 0.475 0.38
0 0.276875 0.6708333333333333 0.55375 0.46166666666666667
0 0.27 0.2808333333333333 0.54 0.4116666666666667
