3 0.56625 0.15083333333333335 0.03 0.04833333333333333
3 0.555625 0.29583333333333334 0.02875 0.041666666666666664
3 0.554375 0.42583333333333334 0.03125 0.03833333333333333
4 0.61375 0.14666666666666667 0.155 0.11333333333333333
5 0.17125 0.2708333333333333 0.14 0.17833333333333334
7 0.213125 0.7125 0.22375 0.245
1 0.415 0.6391666666666667 0.155 0.045
1 0.678125 0.7416666666666667 0.09625 0.056666666666666664
5 0.3175 0.26666666666666666 0.1325 0.17333333333333334
5 0.441875 0.2733333333333333 0.10625 0.16
1 0.436875 0.3933333333333333 0.08625 0.04
1 0.303125 0.39166666666666666 0.06375 0.03333333333333333
1 0.155625 0.4125 0.05625 0.051666666666666666
1 0.14875 0.1 0.095 0.03666666666666667
1 0.4225 0.7125 0.13 0.035
1 0.436875 0.7866666666666666 0.07875 0.05333333333333334
1 0.115 0.535 0.08 0.04666666666666667
1 0.556875 0.5383333333333333 0.07125 0.04
4 0.611875 0.2916666666666667 0.16875 0.09666666666666666
4 0.60875 0.42 0.16 0.07333333333333333
1 0.61 0.4241666666666667 0.055 0.035
1 0.63 0.29833333333333334 0.1075 0.03666666666666667
1 0.63125 0.15 0.0675 0.04666666666666667
1 0.54375 0.056666666666666664 0.0475 0.03
1 0.793125 0.1525 0.09625 0.06166666666666667
1 0.8175 0.2966666666666667 0.165 0.04666666666666667
1 0.806875 0.42583333333333334 0.13875 0.055
0 0.72875 0.7175 0.4775 0.505
0 0.27625 0.7166666666666667 0.435 0.51
0 0.73375 0.2475 0.48 0.4683333333333333
0 0.28375 0.25083333333333335 0.4425 0.475
