0 0.2725 0.27280701754385966 0.465 0.46842105263157896
1 0.411875 0.5780701754385965 0.17625 0.03684210526315789
0 0.2775 0.7105263157894737 0.475 0.44912280701754387
0 0.728125 0.28596491228070176 0.49375 0.48771929824561405
0 0.73875 0.7114035087719298 0.4775 0.45087719298245615
1 0.643125 0.6798245614035088 0.07875 0.08596491228070176
1 0.55375 0.5307017543859649 0.0575 0.02982456140350877
1 0.591875 0.2324561403508772 0.08875 0.04035087719298246
4 0.58875 0.22807017543859648 0.1175 0.11578947368421053
1 0.785 0.23333333333333334 0.1325 0.042105263157894736
4 0.779375 0.24035087719298245 0.16375 0.12982456140350876
1 0.929375 0.24298245614035088 0.05625 0.03684210526315789
4 0.928125 0.24912280701754386 0.08875 0.12631578947368421
1 0.53625 0.08070175438596491 0.055 0.028070175438596492
1 0.38625 0.1763157894736842 0.1425 0.03684210526315789
2 0.365625 0.24561403508771928 0.07125 0.07017543859649122
1 0.305625 0.32105263157894737 0.10625 0.031578947368421054
2 0.290625 0.37543859649122807 0.06125 0.05964912280701754
2 0.174375 0.24298245614035088 0.06875 0.05789473684210526
1 0.185625 0.17456140350877192 0.12375 0.03333333333333333
1 0.115 0.07543859649122807 0.0925 0.03508771929824561
5 0.385 0.21052631578947367 0.19 0.19298245614035087
5 0.308125 0.36140350877192984 0.15875 0.14035087719298245
5 0.179375 0.2043859649122807 0.16625 0.18421052631578946
1 0.088125 0.5368421052631579 0.07125 0.031578947368421054
1 0.413125 0.6324561403508772 0.17125 0.02982456140350877
1 0.391875 0.6850877192982456 0.12375 0.03684210526315789
6 0.2125 0.6947368421052632 0.1725 0.22105263157894736
