1 0.075625 0.05619266055045872 0.09375 0.052752293577981654
1 0.108125 0.19036697247706422 0.09875 0.05963302752293578
1 0.251875 0.18004587155963303 0.09375 0.05733944954128441
1 0.41625 0.21788990825688073 0.135 0.0963302752293578
1 0.07125 0.39908256880733944 0.0675 0.06422018348623854
1 0.221875 0.3841743119266055 0.06125 0.05733944954128441
1 0.41 0.3841743119266055 0.0925 0.0481651376146789
2 0.081875 0.26146788990825687 0.04375 0.05963302752293578
2 0.2375 0.2626146788990826 0.035 0.052752293577981654
2 0.398125 0.2591743119266055 0.04625 0.05504587155963303
5 0.095625 0.22247706422018348 0.15125 0.24311926605504589
5 0.2475 0.21674311926605505 0.1475 0.2545871559633027
5 0.410625 0.21330275229357798 0.18125 0.27522935779816515
1 0.556875 0.06422018348623854 0.05375 0.045871559633027525
3 0.578125 0.18004587155963303 0.02875 0.052752293577981654
1 0.633125 0.18692660550458715 0.07375 0.07568807339449542
4 0.6225 0.17889908256880735 0.1375 0.14678899082568808
3 0.733125 0.1823394495412844 0.02625 0.04357798165137615
1 0.8075 0.1834862385321101 0.105 0.05045871559633028
4 0.790625 0.1834862385321101 0.15625 0.14220183486238533
3 0.908125 0.1823394495412844 0.02375 0.0481651376146789
4 0.935625 0.18692660550458715 0.10875 0.12614678899082568
1 0.605625 0.30963302752293576 0.07875 0.06422018348623854
1 0.761875 0.30504587155963303 0.07375 0.05504587155963303
1 0.928125 0.2958715596330275 0.04625 0.04128440366972477
1 0.04875 0.6284403669724771 0.075 0.05504587155963303
1 0.369375 0.6525229357798165 0.18375 0.07110091743119266
8 0.15 0.8302752293577982 0.1725 0.23394495412844038
1 0.406875 0.7305045871559633 0.19625 0.052752293577981654
1 0.419375 0.8222477064220184 0.16125 0.04357798165137615
1 0.570625 0.5424311926605505 0.06625 0.04357798165137615
1 0.69625 0.7190366972477065 0.11 0.04357798165137615
0 0.265625 0.7419724770642202 0.53125 0.5160550458715596
0 0.756875 0.7408256880733946 0.48625 0.518348623853211
0 0.26 0.28211009174311924 0.52 0.5642201834862385
0 0.745625 0.2958715596330275 0.50875 0.591743119266055
