1 0.71625 0.022222222222222223 0.1875 0.04
1 0.590625 0.2088888888888889 0.06625 0.06666666666666667
3 0.591875 0.14333333333333334 0.02625 0.03777777777777778
5 0.59875 0.19666666666666666 0.11 0.1711111111111111
1 0.605625 0.31222222222222223 0.12875 0.04666666666666667
1 0.79375 0.10222222222222223 0.1525 0.07111111111111111
1 0.80625 0.16 0.1625 0.06666666666666667
1 0.78875 0.2111111111111111 0.135 0.035555555555555556
1 0.72 0.6244444444444445 0.0625 0.035555555555555556
2 0.71375 0.7155555555555555 0.14 0.16444444444444445
1 0.710625 0.5466666666666666 0.15375 0.07111111111111111
1 0.328125 0.5611111111111111 0.06625 0.06444444444444444
1 0.205625 0.6511111111111111 0.05125 0.044444444444444446
1 0.269375 0.7566666666666667 0.05625 0.07333333333333333
3 0.2625 0.8844444444444445 0.0325 0.04
3 0.335625 0.8333333333333334 0.02625 0.04
3 0.16875 0.8766666666666667 0.03 0.03777777777777778
1 0.34375 0.6477777777777778 0.0625 0.04666666666666667
5 0.34625 0.6466666666666666 0.0875 0.08
5 0.205 0.6522222222222223 0.0675 0.08666666666666667
5 0.27 0.7588888888888888 0.0875 0.09555555555555556
1 0.3125 0.05 0.1725 0.07777777777777778
3 0.15 0.26666666666666666 0.03 0.05333333333333334
1 0.16 0.33 0.0525 0.05555555555555555
3 0.245 0.2544444444444444 0.035 0.04666666666666667
1 0.270625 0.32222222222222224 0.08625 0.06222222222222222
1 0.401875 0.3244444444444444 0.07375 0.035555555555555556
3 0.38 0.2733333333333333 0.0225 0.044444444444444446
3 0.371875 0.14222222222222222 0.03125 0.05333333333333334
1 0.4175 0.17 0.085 0.04666666666666667
0 0.73 0.7488888888888889 0.3875 0.47555555555555556
0 0.31875 0.7511111111111111 0.4325 0.47555555555555556
0 0.316875 0.2588888888888889 0.43125 0.5133333333333333
0 0.723125 0.25555555555555554 0.38125 0.5111111111111111
