1 0.06 0.11 0.105 0.05
1 0.135 0.17916666666666667 0.12 0.041666666666666664
1 0.3575 0.18583333333333332 0.125 0.035
1 0.25 0.32916666666666666 0.095 0.041666666666666664
1 0.544375 0.09916666666666667 0.06625 0.045
1 0.573125 0.2225 0.07375 0.041666666666666664
1 0.764375 0.20583333333333334 0.10875 0.035
1 0.91625 0.19583333333333333 0.0575 0.03833333333333333
1 0.05125 0.525 0.0725 0.04
1 0.363125 0.5966666666666667 0.20125 0.06
1 0.360625 0.6541666666666667 0.21125 0.051666666666666666
1 0.326875 0.7108333333333333 0.14125 0.04833333333333333
1 0.524375 0.49666666666666665 0.06875 0.04
1 0.63375 0.5975 0.075 0.08833333333333333
5 0.139375 0.21083333333333334 0.14875 0.175
5 0.35625 0.21416666666666667 0.1425 0.18166666666666667
5 0.255 0.37083333333333335 0.145 0.185
2 0.130625 0.2275 0.07875 0.07166666666666667
2 0.3525 0.22833333333333333 0.055 0.043333333333333335
2 0.255625 0.37666666666666665 0.05875 0.06
4 0.59125 0.215 0.1325 0.13666666666666666
4 0.765 0.20583333333333334 0.13 0.135
4 0.923125 0.2 0.11625 0.13666666666666666
6 0.150625 0.6666666666666666 0.15375 0.18666666666666668
0 0.2425 0.265 0.485 0.43333333333333335
0 0.7325 0.2575 0.535 0.4216666666666667
0 0.24 0.6766666666666666 0.48 0.45666666666666667
0 0.73125 0.6808333333333333 0.5375 0.485
