1 0.1275 0.20666666666666667 0.105 0.04
1 0.27625 0.21 0.0975 0.03666666666666667
1 0.430625 0.225 0.14625 0.05
1 0.11375 0.37083333333333335 0.095 0.045
1 0.283125 0.3466666666666667 0.07625 0.05
1 0.446875 0.35833333333333334 0.10625 0.04666666666666667
1 0.639375 0.4 0.09125 0.05333333333333334
1 0.80125 0.4058333333333333 0.085 0.085
1 0.941875 0.3875 0.05625 0.041666666666666664
1 0.626875 0.16083333333333333 0.06375 0.03833333333333333
3 0.628125 0.2658333333333333 0.03375 0.045
3 0.773125 0.2733333333333333 0.03375 0.04
3 0.930625 0.2708333333333333 0.04875 0.035
1 0.124375 0.10166666666666667 0.08875 0.04
1 0.078125 0.5641666666666667 0.07125 0.055
1 0.386875 0.6533333333333333 0.28625 0.06333333333333334
1 0.620625 0.59 0.07375 0.056666666666666664
1 0.675625 0.7258333333333333 0.09375 0.04833333333333333
4 0.63375 0.26416666666666666 0.09 0.14166666666666666
4 0.789375 0.2708333333333333 0.10875 0.14166666666666666
4 0.946875 0.27166666666666667 0.10625 0.12
5 0.134375 0.23666666666666666 0.15625 0.19
5 0.281875 0.22333333333333333 0.13875 0.15666666666666668
5 0.4375 0.24083333333333334 0.1675 0.17833333333333334
8 0.1175 0.75 0.175 0.17
1 0.414375 0.7175 0.23375 0.058333333333333334
1 0.38625 0.795 0.1475 0.056666666666666664
0 0.295625 0.2991666666666667 0.57625 0.465
0 0.7825 0.3575 0.43 0.465
0 0.770625 0.7591666666666667 0.45875 0.4816666666666667
0 0.28625 0.7383333333333333 0.5725 0.5033333333333333
