1 0.210625 0.044444444444444446 0.10125 0.04888888888888889
1 0.581875 0.052222222222222225 0.08625 0.051111111111111114
5 0.213125 0.26666666666666666 0.14375 0.2222222222222222
1 0.18375 0.4266666666666667 0.065 0.07111111111111111
1 0.191875 0.5522222222222222 0.08375 0.04666666666666667
1 0.43125 0.64 0.1975 0.07555555555555556
8 0.241875 0.7344444444444445 0.17125 0.2822222222222222
1 0.6175 0.47888888888888886 0.0975 0.06888888888888889
1 0.59375 0.5666666666666667 0.0775 0.05333333333333334
5 0.351875 0.28888888888888886 0.11875 0.21333333333333335
5 0.481875 0.32 0.12375 0.2222222222222222
1 0.21375 0.22 0.105 0.06222222222222222
1 0.3525 0.25555555555555554 0.0975 0.044444444444444446
1 0.4875 0.30666666666666664 0.0975 0.08888888888888889
1 0.33625 0.4222222222222222 0.0675 0.044444444444444446
1 0.478125 0.45 0.09875 0.051111111111111114
1 0.739375 0.4666666666666667 0.08625 0.06222222222222222
1 0.869375 0.45 0.06625 0.051111111111111114
1 0.43 0.6855555555555556 0.2025 0.042222222222222223
1 0.40625 0.74 0.145 0.04888888888888889
1 0.65875 0.7533333333333333 0.11 0.04888888888888889
3 0.583125 0.3055555555555556 0.02125 0.028888888888888888
3 0.71625 0.3022222222222222 0.02 0.03111111111111111
3 0.83625 0.29333333333333333 0.015 0.035555555555555556
4 0.62375 0.32222222222222224 0.115 0.22666666666666666
4 0.7475 0.3088888888888889 0.1125 0.21777777777777776
4 0.88125 0.30333333333333334 0.1175 0.22444444444444445
0 0.33 0.27666666666666667 0.4275 0.5444444444444444
0 0.331875 0.7555555555555555 0.44125 0.4888888888888889
0 0.753125 0.7644444444444445 0.43375 0.4711111111111111
0 0.739375 0.28555555555555556 0.43625 0.5622222222222222
