1 0.15875 0.23333333333333334 0.0675 0.03111111111111111
1 0.26625 0.23777777777777778 0.0975 0.04
1 0.389375 0.2411111111111111 0.10125 0.03777777777777778
1 0.145625 0.38666666666666666 0.05875 0.05333333333333334
1 0.255 0.40444444444444444 0.07 0.044444444444444446
1 0.39375 0.4066666666666667 0.105 0.057777777777777775
1 0.18625 0.5866666666666667 0.095 0.07111111111111111
1 0.40875 0.63 0.155 0.051111111111111114
1 0.570625 0.4688888888888889 0.09125 0.05333333333333334
1 0.72875 0.46 0.075 0.06222222222222222
1 0.850625 0.43444444444444447 0.06125 0.04666666666666667
1 0.589375 0.5888888888888889 0.08125 0.057777777777777775
1 0.670625 0.7733333333333333 0.09875 0.06222222222222222
3 0.534375 0.3288888888888889 0.02625 0.044444444444444446
1 0.55625 0.13777777777777778 0.0625 0.06222222222222222
3 0.69125 0.31777777777777777 0.0275 0.035555555555555556
3 0.830625 0.31 0.02625 0.042222222222222223
4 0.578125 0.32666666666666666 0.12375 0.16444444444444445
4 0.718125 0.31777777777777777 0.09625 0.1688888888888889
4 0.854375 0.3088888888888889 0.09875 0.15555555555555556
1 0.19375 0.14333333333333334 0.0825 0.04666666666666667
5 0.153125 0.26666666666666666 0.09375 0.1511111111111111
5 0.26625 0.2677777777777778 0.11 0.16666666666666666
5 0.3875 0.27 0.11 0.1711111111111111
0 0.28625 0.30777777777777776 0.445 0.46
0 0.72125 0.31777777777777777 0.44 0.4444444444444444
0 0.271875 0.7566666666666667 0.46875 0.4866666666666667
0 0.733125 0.75 0.48875 0.5
1 0.423125 0.7033333333333334 0.14125 0.04666666666666667
1 0.440625 0.7833333333333333 0.08625 0.04666666666666667
8 0.244375 0.8133333333333334 0.27125 0.26222222222222225
