1 0.465625 0.4375 0.11125 0.03833333333333333
1 0.265 0.43083333333333335 0.085 0.03833333333333333
1 0.08375 0.4266666666666667 0.0775 0.043333333333333335
5 0.263125 0.2708333333333333 0.16375 0.21166666666666667
5 0.44 0.2783333333333333 0.145 0.18333333333333332
5 0.085 0.24833333333333332 0.1625 0.20333333333333334
1 0.0925 0.023333333333333334 0.115 0.043333333333333335
1 0.108125 0.6533333333333333 0.09625 0.05
1 0.44375 0.6825 0.21 0.055
1 0.43625 0.7716666666666666 0.2025 0.04666666666666667
1 0.441875 0.8683333333333333 0.13375 0.05333333333333334
7 0.215 0.8683333333333333 0.2575 0.24
1 0.739375 0.815 0.10875 0.06666666666666667
1 0.623125 0.6475 0.07875 0.035
1 0.760625 0.4716666666666667 0.05875 0.03333333333333333
1 0.90125 0.47333333333333333 0.1275 0.04
1 0.779375 0.3566666666666667 0.10875 0.03333333333333333
1 0.908125 0.3525 0.11875 0.025
1 0.896875 0.1925 0.08875 0.04833333333333333
1 0.77625 0.18916666666666668 0.0775 0.04833333333333333
3 0.715 0.1825 0.0225 0.03833333333333333
3 0.713125 0.35583333333333333 0.02375 0.028333333333333332
3 0.708125 0.4716666666666667 0.02375 0.02666666666666667
4 0.76 0.4666666666666667 0.14 0.07666666666666666
4 0.764375 0.3441666666666667 0.15875 0.12166666666666667
4 0.7575 0.18666666666666668 0.15 0.12666666666666668
1 0.61125 0.06583333333333333 0.0675 0.041666666666666664
0 0.76875 0.25916666666666666 0.4625 0.5183333333333333
0 0.761875 0.7525 0.47625 0.495
0 0.27875 0.7566666666666667 0.5575 0.4866666666666667
0 0.27875 0.26666666666666666 0.5575 0.5333333333333333
