1 0.0875 0.1725 0.0525 0.028333333333333332
1 0.373125 0.315 0.04375 0.02666666666666667
1 0.34375 0.37083333333333335 0.1075 0.03166666666666667
2 0.35 0.31833333333333336 0.1975 0.17666666666666667
1 0.55125 0.15916666666666668 0.0575 0.058333333333333334
1 0.566875 0.37333333333333335 0.03625 0.023333333333333334
4 0.5775 0.375 0.0825 0.043333333333333335
1 0.79375 0.23833333333333334 0.045 0.04
2 0.81 0.29833333333333334 0.0475 0.04666666666666667
4 0.815625 0.2816666666666667 0.14625 0.16666666666666666
1 0.071875 0.5091666666666667 0.05125 0.075
3 0.1375 0.6158333333333333 0.03 0.035
3 0.18375 0.6041666666666666 0.025 0.03166666666666667
3 0.22375 0.5958333333333333 0.0225 0.03166666666666667
3 0.273125 0.5758333333333333 0.02875 0.028333333333333332
2 0.195625 0.6425 0.26625 0.22833333333333333
1 0.540625 0.49166666666666664 0.05625 0.03
1 0.690625 0.5141666666666667 0.04625 0.025
4 0.693125 0.5133333333333333 0.08625 0.05
1 0.676875 0.5708333333333333 0.22625 0.065
1 0.576875 0.6408333333333334 0.05375 0.04833333333333333
3 0.581875 0.655 0.02875 0.03
1 0.7075 0.6108333333333333 0.065 0.03166666666666667
3 0.704375 0.6458333333333334 0.02875 0.03166666666666667
1 0.819375 0.6041666666666666 0.03875 0.028333333333333332
3 0.820625 0.6425 0.02625 0.03166666666666667
5 0.579375 0.6416666666666667 0.07625 0.09333333333333334
5 0.706875 0.6316666666666667 0.07875 0.09333333333333334
5 0.82375 0.6208333333333333 0.0825 0.10833333333333334
1 0.57625 0.7283333333333334 0.035 0.03
1 0.713125 0.7241666666666666 0.03875 0.03166666666666667
1 0.8275 0.7208333333333333 0.0325 0.025
0 0.25 0.2975 0.4975 0.3616666666666667
0 0.740625 0.3 0.51625 0.36
0 0.249375 0.6491666666666667 0.49375 0.3883333333333333
0 0.74 0.6508333333333334 0.515 0.385
1 0.161875 0.2075 0.16375 0.03833333333333333
1 0.605 0.1925 0.175 0.03833333333333333
1 0.5975 0.24 0.095 0.05
1 0.588125 0.28583333333333333 0.15125 0.03166666666666667
1 0.559375 0.3275 0.06375 0.03833333333333333
