2 0.69875 0.4116666666666667 0.0525 0.06
2 0.22125 0.4008333333333333 0.2 0.21166666666666667
4 0.71375 0.3883333333333333 0.16 0.19
1 0.515 0.20833333333333334 0.0375 0.04
1 0.56375 0.245 0.15 0.03333333333333333
4 0.533125 0.39166666666666666 0.07875 0.03666666666666667
4 0.640625 0.5991666666666666 0.08625 0.06166666666666667
3 0.72375 0.7508333333333334 0.02 0.03166666666666667
3 0.634375 0.755 0.02125 0.03
3 0.529375 0.7633333333333333 0.02875 0.03333333333333333
5 0.72375 0.7483333333333333 0.06 0.07333333333333333
5 0.63 0.7475 0.06 0.075
5 0.53125 0.7525 0.06 0.085
1 0.64125 0.6533333333333333 0.185 0.04
3 0.35875 0.6975 0.02 0.021666666666666667
3 0.3125 0.7191666666666666 0.0175 0.021666666666666667
3 0.255625 0.7575 0.01625 0.025
3 0.200625 0.7883333333333333 0.01625 0.02666666666666667
7 0.2625 0.7625 0.31 0.23833333333333334
1 0.51125 0.565 0.045 0.023333333333333334
1 0.62875 0.5983333333333334 0.04 0.02
1 0.699375 0.335 0.04375 0.03333333333333333
1 0.55625 0.31333333333333335 0.1325 0.023333333333333334
1 0.52125 0.3925 0.035 0.018333333333333333
1 0.523125 0.3491666666666667 0.05875 0.035
1 0.534375 0.2816666666666667 0.08125 0.03666666666666667
1 0.255 0.3958333333333333 0.035 0.025
1 0.22 0.4608333333333333 0.1 0.021666666666666667
1 0.12625 0.17416666666666666 0.05 0.03166666666666667
1 0.1275 0.21166666666666667 0.0475 0.03666666666666667
1 0.210625 0.21416666666666667 0.09875 0.021666666666666667
1 0.119375 0.5791666666666667 0.04875 0.03833333333333333
0 0.270625 0.7333333333333333 0.40125 0.4033333333333333
0 0.64 0.7308333333333333 0.365 0.40166666666666667
1 0.539375 0.8291666666666667 0.03625 0.025
1 0.64 0.8141666666666667 0.0375 0.021666666666666667
1 0.73125 0.8058333333333333 0.03 0.021666666666666667
0 0.64375 0.37166666666666665 0.3625 0.4033333333333333
0 0.275 0.34833333333333333 0.4075 0.4033333333333333
