1 0.638125 0.0975 0.26375 0.095
1 0.854375 0.17583333333333334 0.21125 0.07833333333333334
3 0.58375 0.215 0.0275 0.043333333333333335
1 0.59875 0.2758333333333333 0.0925 0.06166666666666667
5 0.59375 0.24416666666666667 0.1375 0.185
1 0.623125 0.41 0.19375 0.07
1 0.8725 0.2675 0.235 0.06833333333333333
1 0.8575 0.3575 0.2225 0.06166666666666667
1 0.22875 0.12416666666666666 0.315 0.12166666666666667
3 0.391875 0.19916666666666666 0.04625 0.065
3 0.241875 0.315 0.04125 0.06
3 0.1125 0.3333333333333333 0.0425 0.06
3 0.38 0.4125 0.0425 0.075
1 0.08375 0.4191666666666667 0.0825 0.06833333333333333
1 0.213125 0.39666666666666667 0.08875 0.08
1 0.41125 0.45916666666666667 0.085 0.058333333333333334
1 0.4125 0.24416666666666667 0.11 0.07833333333333334
1 0.716875 0.5566666666666666 0.21125 0.08666666666666667
1 0.73375 0.6808333333333333 0.0775 0.03833333333333333
2 0.76625 0.7925 0.2275 0.13833333333333334
1 0.23125 0.5625 0.1125 0.07166666666666667
1 0.11 0.695 0.1 0.06
1 0.3225 0.6541666666666667 0.0775 0.055
1 0.241875 0.7533333333333333 0.09125 0.08666666666666667
3 0.128125 0.9125 0.03125 0.04833333333333333
3 0.299375 0.8691666666666666 0.03375 0.04833333333333333
3 0.460625 0.88 0.03375 0.04666666666666667
0 0.7525 0.25916666666666666 0.495 0.465
0 0.75125 0.7158333333333333 0.495 0.5283333333333333
0 0.255625 0.27416666666666667 0.50125 0.495
0 0.255625 0.7341666666666666 0.49875 0.49166666666666664
