4 0.53375 0.3592870544090056 0.0875 0.0600375234521576
4 0.67125 0.3531894934333959 0.0925 0.05722326454033771
1 0.8475 0.3452157598499062 0.0525 0.01876172607879925
1 0.845625 0.4197936210131332 0.08125 0.025328330206378986
1 0.67125 0.4263602251407129 0.09 0.038461538461538464
1 0.529375 0.43198874296435275 0.09125 0.036585365853658534
4 0.840625 0.34662288930581614 0.09875 0.05722326454033771
1 0.54375 0.5065666041275797 0.0875 0.03377110694183865
1 0.339375 0.600844277673546 0.19625 0.04221388367729831
8 0.128125 0.6318011257035647 0.16625 0.17354596622889307
1 0.105 0.5098499061913696 0.0975 0.029080675422138838
1 0.086875 0.4343339587242026 0.08375 0.05065666041275797
1 0.2225 0.4169793621013133 0.0825 0.027204502814258912
1 0.373125 0.41088180112570355 0.12625 0.02626641651031895
2 0.090625 0.35694183864915574 0.05375 0.03283302063789869
1 0.1 0.33677298311444653 0.0675 0.020637898686679174
5 0.100625 0.35694183864915574 0.11125 0.0647279549718574
2 0.225 0.36444652908067543 0.0525 0.01594746716697936
1 0.236875 0.34662288930581614 0.07125 0.017823639774859287
5 0.229375 0.3550656660412758 0.09375 0.05909943714821764
1 0.369375 0.351313320825516 0.08125 0.03095684803001876
2 0.36375 0.3592870544090056 0.0325 0.01876172607879925
5 0.364375 0.3517823639774859 0.09875 0.06191369606003752
1 0.1 0.28189493433395874 0.095 0.025328330206378986
1 0.543125 0.3611632270168856 0.05125 0.03189493433395872
1 0.681875 0.35412757973733583 0.05875 0.02345215759849906
1 0.666875 0.600375234521576 0.10125 0.0300187617260788
0 0.714375 0.3808630393996248 0.51625 0.24953095684803
0 0.723125 0.6228893058161351 0.52625 0.2776735459662289
0 0.251875 0.625703564727955 0.46875 0.28142589118198874
0 0.25 0.38320825515947465 0.45 0.2373358348968105
3 0.804375 0.34615384615384615 0.01875 0.016885553470919325
3 0.64 0.351313320825516 0.0175 0.014071294559099437
3 0.506875 0.35553470919324576 0.01875 0.0150093808630394
1 0.3475 0.6313320825515948 0.2125 0.03564727954971857
1 0.350625 0.6641651031894934 0.19125 0.039399624765478425
