5 0.446875 0.2325 0.12875 0.15166666666666667
4 0.625625 0.13 0.12125 0.13333333333333333
1 0.42625 0.6341666666666667 0.21 0.04833333333333333
5 0.311875 0.24916666666666668 0.12875 0.165
5 0.166875 0.24166666666666667 0.14625 0.17666666666666667
1 0.148125 0.36583333333333334 0.08125 0.045
1 0.31 0.3541666666666667 0.08 0.035
1 0.45 0.345 0.1125 0.03666666666666667
1 0.158125 0.049166666666666664 0.14875 0.04833333333333333
1 0.57 0.03666666666666667 0.075 0.03333333333333333
4 0.63375 0.2841666666666667 0.1225 0.135
1 0.639375 0.12666666666666668 0.05875 0.04
3 0.59125 0.11833333333333333 0.03 0.04
3 0.594375 0.2791666666666667 0.02125 0.035
1 0.6475 0.2825 0.085 0.021666666666666667
1 0.65 0.4125 0.04 0.021666666666666667
3 0.610625 0.4125 0.01875 0.03166666666666667
4 0.635625 0.41333333333333333 0.08375 0.08
1 0.7725 0.4125 0.15 0.03833333333333333
1 0.7975 0.27 0.195 0.02666666666666667
1 0.760625 0.12916666666666668 0.11375 0.04833333333333333
1 0.59125 0.5066666666666667 0.0825 0.043333333333333335
1 0.6825 0.695 0.105 0.06
1 0.4375 0.7116666666666667 0.1825 0.04
1 0.43625 0.7866666666666666 0.125 0.05333333333333334
7 0.251875 0.7975 0.29375 0.33166666666666667
1 0.134375 0.5375 0.09625 0.041666666666666664
0 0.28875 0.24666666666666667 0.475 0.49333333333333335
0 0.75375 0.23416666666666666 0.4875 0.4683333333333333
0 0.294375 0.7333333333333333 0.49625 0.53
0 0.76375 0.7325 0.4675 0.5283333333333333
