1 0.555 0.05416666666666667 0.0675 0.04833333333333333
1 0.578125 0.3516666666666667 0.09875 0.06
1 0.73 0.35833333333333334 0.095 0.056666666666666664
1 0.87 0.35333333333333333 0.06 0.05
3 0.5525 0.245 0.0225 0.043333333333333335
3 0.69625 0.255 0.025 0.04
3 0.851875 0.2633333333333333 0.02375 0.03666666666666667
4 0.8975 0.2675 0.135 0.135
4 0.740625 0.25916666666666666 0.13375 0.125
4 0.5925 0.25416666666666665 0.1225 0.12833333333333333
1 0.413125 0.2425 0.09625 0.06833333333333333
1 0.249375 0.215 0.09875 0.03666666666666667
1 0.098125 0.21083333333333334 0.08625 0.035
1 0.101875 0.05 0.11125 0.04666666666666667
1 0.415625 0.35833333333333334 0.10875 0.05
1 0.24125 0.3475 0.065 0.041666666666666664
1 0.08375 0.3466666666666667 0.0675 0.05
5 0.411875 0.24666666666666667 0.11375 0.17666666666666667
5 0.249375 0.23583333333333334 0.11625 0.165
5 0.09875 0.22916666666666666 0.1 0.135
1 0.550625 0.5325 0.07375 0.058333333333333334
1 0.671875 0.7325 0.09875 0.045
1 0.36375 0.5925 0.1875 0.04833333333333333
1 0.3825 0.64 0.185 0.04666666666666667
1 0.3825 0.6925 0.135 0.041666666666666664
1 0.095 0.5325 0.0875 0.04833333333333333
8 0.18125 0.7308333333333333 0.245 0.25833333333333336
0 0.73875 0.745 0.48 0.51
0 0.2625 0.7425 0.4925 0.515
0 0.269375 0.26416666666666666 0.48875 0.495
0 0.73875 0.27666666666666667 0.4775 0.5166666666666667
