0 0.74125 0.2891666666666667 0.4525 0.41833333333333333
0 0.271875 0.2925 0.50125 0.4216666666666667
0 0.738125 0.7433333333333333 0.45625 0.5066666666666667
0 0.270625 0.7425 0.50375 0.5116666666666667
1 0.0775 0.14333333333333334 0.07 0.03333333333333333
1 0.09375 0.27 0.075 0.03333333333333333
1 0.239375 0.2675 0.06875 0.025
1 0.39375 0.2633333333333333 0.09 0.03
1 0.384375 0.37583333333333335 0.07125 0.028333333333333332
1 0.224375 0.37916666666666665 0.04375 0.028333333333333332
1 0.08125 0.395 0.0425 0.02666666666666667
5 0.099375 0.3016666666666667 0.10375 0.13666666666666666
5 0.238125 0.2941666666666667 0.10375 0.12833333333333333
5 0.39 0.2891666666666667 0.105 0.12833333333333333
1 0.0675 0.5341666666666667 0.0575 0.03166666666666667
1 0.388125 0.5633333333333334 0.14375 0.04666666666666667
1 0.4075 0.6133333333333333 0.1475 0.043333333333333335
1 0.39 0.6741666666666667 0.105 0.035
8 0.21625 0.7116666666666667 0.3 0.22333333333333333
1 0.568125 0.53 0.05375 0.04
1 0.60875 0.6933333333333334 0.075 0.04
3 0.55625 0.2758333333333333 0.02 0.035
3 0.69125 0.2675 0.0225 0.03833333333333333
3 0.825625 0.2625 0.02125 0.041666666666666664
1 0.839375 0.35833333333333334 0.04125 0.02666666666666667
1 0.713125 0.36583333333333334 0.06625 0.045
1 0.568125 0.37666666666666665 0.07375 0.03333333333333333
1 0.57 0.14083333333333334 0.0475 0.03166666666666667
4 0.584375 0.285 0.08625 0.11666666666666667
4 0.725625 0.2758333333333333 0.10375 0.11833333333333333
4 0.858125 0.2725 0.09875 0.12166666666666667
