0 0.766875 0.245 0.46375 0.49
0 0.278125 0.24 0.53875 0.4766666666666667
0 0.77 0.725 0.46 0.5166666666666667
0 0.285 0.72 0.57 0.5566666666666666
1 0.701875 0.6825 0.08875 0.035
1 0.636875 0.5291666666666667 0.08375 0.045
1 0.436875 0.6116666666666667 0.15875 0.05
1 0.390625 0.6666666666666666 0.05875 0.04666666666666667
1 0.446875 0.705 0.20125 0.05333333333333334
1 0.43625 0.7841666666666667 0.0925 0.055
7 0.1975 0.6958333333333333 0.26 0.23166666666666666
1 0.1 0.5108333333333334 0.1 0.045
1 0.079375 0.30916666666666665 0.08625 0.045
1 0.24625 0.30416666666666664 0.0825 0.03833333333333333
1 0.433125 0.30833333333333335 0.11125 0.03666666666666667
1 0.105625 0.14166666666666666 0.09875 0.03666666666666667
1 0.26 0.16666666666666666 0.1075 0.03333333333333333
1 0.423125 0.1925 0.10625 0.058333333333333334
3 0.418125 0.23333333333333334 0.02375 0.023333333333333334
3 0.253125 0.2175 0.03375 0.035
3 0.095625 0.19083333333333333 0.03625 0.035
1 0.1225 0.015833333333333335 0.135 0.028333333333333332
5 0.42125 0.19583333333333333 0.1225 0.14166666666666666
5 0.2625 0.18833333333333332 0.1375 0.16
5 0.10375 0.18 0.1325 0.16666666666666666
2 0.603125 0.225 0.04375 0.03333333333333333
2 0.75125 0.21916666666666668 0.04 0.03166666666666667
2 0.929375 0.22916666666666666 0.06125 0.03833333333333333
1 0.601875 0.17833333333333334 0.08125 0.05
1 0.761875 0.18666666666666668 0.11375 0.03333333333333333
1 0.93125 0.1875 0.0725 0.035
1 0.603125 0.3325 0.10125 0.041666666666666664
1 0.76625 0.32666666666666666 0.0875 0.043333333333333335
1 0.945625 0.3075 0.06375 0.03166666666666667
1 0.5975 0.0375 0.0625 0.03833333333333333
4 0.603125 0.20666666666666667 0.10875 0.13333333333333333
4 0.763125 0.20416666666666666 0.12875 0.135
4 0.9375 0.20416666666666666 0.1225 0.145
