1 0.606875 0.5155555555555555 0.12625 0.07555555555555556
2 0.59625 0.7188888888888889 0.0975 0.1711111111111111
1 0.59625 0.6144444444444445 0.0525 0.03333333333333333
1 0.226875 0.5255555555555556 0.06625 0.04666666666666667
1 0.16 0.6211111111111111 0.0575 0.042222222222222223
1 0.31 0.5888888888888889 0.055 0.035555555555555556
1 0.23625 0.7011111111111111 0.055 0.06888888888888889
3 0.13125 0.8422222222222222 0.03 0.05333333333333334
3 0.2625 0.8222222222222222 0.0275 0.04888888888888889
3 0.376875 0.7766666666666666 0.03125 0.06
5 0.165 0.62 0.0925 0.09333333333333334
5 0.31125 0.5888888888888889 0.095 0.09777777777777778
5 0.24 0.7033333333333334 0.095 0.10888888888888888
1 0.588125 0.08333333333333333 0.12625 0.05555555555555555
1 0.228125 0.10111111111111111 0.11125 0.06
1 0.128125 0.30666666666666664 0.04875 0.044444444444444446
1 0.65375 0.15222222222222223 0.1075 0.051111111111111114
1 0.48875 0.23 0.05 0.04666666666666667
1 0.5025 0.31 0.1025 0.042222222222222223
1 0.668125 0.21333333333333335 0.14375 0.04888888888888889
1 0.654375 0.27666666666666667 0.11625 0.042222222222222223
1 0.223125 0.29888888888888887 0.05875 0.04666666666666667
1 0.35625 0.33111111111111113 0.0575 0.035555555555555556
1 0.3425 0.17888888888888888 0.0625 0.03777777777777778
3 0.3325 0.12333333333333334 0.035 0.06888888888888889
3 0.34125 0.2677777777777778 0.0325 0.06888888888888889
3 0.2225 0.2388888888888889 0.0375 0.07333333333333333
3 0.13125 0.2511111111111111 0.035 0.07111111111111111
3 0.4825 0.18333333333333332 0.025 0.05555555555555555
5 0.489375 0.20777777777777778 0.09125 0.15777777777777777
0 0.62875 0.24888888888888888 0.4075 0.4088888888888889
0 0.635625 0.7022222222222222 0.39625 0.5511111111111111
0 0.26875 0.7111111111111111 0.36 0.5288888888888889
0 0.266875 0.2833333333333333 0.35125 0.46444444444444444
