1 0.545625 0.5408333333333334 0.06375 0.03833333333333333
1 0.71125 0.6591666666666667 0.0925 0.051666666666666666
1 0.561875 0.30333333333333334 0.08125 0.06
1 0.69375 0.30583333333333335 0.075 0.058333333333333334
1 0.820625 0.31 0.06375 0.03666666666666667
3 0.808125 0.19166666666666668 0.03375 0.07
4 0.8125 0.2175 0.0625 0.13166666666666665
3 0.68 0.17833333333333334 0.0325 0.056666666666666664
4 0.685625 0.20333333333333334 0.05875 0.12333333333333334
4 0.5575 0.20166666666666666 0.075 0.13333333333333333
1 0.424375 0.19333333333333333 0.14875 0.05
5 0.424375 0.18333333333333332 0.16625 0.08333333333333333
1 0.25625 0.1825 0.115 0.045
5 0.254375 0.19333333333333333 0.13375 0.14333333333333334
1 0.105625 0.185 0.11625 0.043333333333333335
5 0.10375 0.20333333333333334 0.1375 0.14666666666666667
1 0.095 0.31166666666666665 0.0575 0.056666666666666664
1 0.2575 0.3 0.06 0.03333333333333333
1 0.415625 0.2791666666666667 0.10375 0.041666666666666664
1 0.301875 0.6066666666666667 0.21375 0.06666666666666667
1 0.311875 0.6675 0.23375 0.045
1 0.2975 0.73 0.1575 0.03666666666666667
1 0.068125 0.5533333333333333 0.07125 0.04666666666666667
8 0.136875 0.7683333333333333 0.21125 0.25666666666666665
1 0.56375 0.07916666666666666 0.065 0.041666666666666664
1 0.115625 0.07083333333333333 0.08875 0.051666666666666666
0 0.744375 0.25916666666666666 0.51125 0.465
0 0.738125 0.7133333333333334 0.52375 0.5566666666666666
0 0.250625 0.7291666666666666 0.50125 0.49833333333333335
0 0.258125 0.2675 0.49125 0.5016666666666667
