0 0.62875 0.7288888888888889 0.38 0.47555555555555556
0 0.6175 0.27555555555555555 0.36 0.4444444444444444
0 0.256875 0.2722222222222222 0.37125 0.43333333333333335
0 0.244375 0.7244444444444444 0.38625 0.47555555555555556
1 0.25125 0.09555555555555556 0.17 0.06666666666666667
1 0.614375 0.08555555555555555 0.16625 0.06
1 0.6275 0.5233333333333333 0.1575 0.05555555555555555
1 0.249375 0.5277777777777778 0.09375 0.05555555555555555
1 0.694375 0.26 0.17375 0.23555555555555555
1 0.513125 0.37 0.14125 0.06
3 0.103125 0.26 0.04375 0.06666666666666667
3 0.344375 0.15444444444444444 0.03375 0.05555555555555555
3 0.334375 0.31666666666666665 0.03875 0.05555555555555555
3 0.19875 0.2588888888888889 0.0475 0.06444444444444444
1 0.109375 0.31777777777777777 0.05125 0.04888888888888889
1 0.21 0.3188888888888889 0.09 0.05555555555555555
1 0.341875 0.37666666666666665 0.07375 0.06
5 0.133125 0.6011111111111112 0.10375 0.07777777777777778
5 0.2475 0.6811111111111111 0.1025 0.09555555555555556
5 0.330625 0.6022222222222222 0.11375 0.05333333333333334
1 0.363125 0.19777777777777777 0.09875 0.04888888888888889
3 0.145625 0.8244444444444444 0.02875 0.044444444444444446
3 0.248125 0.8255555555555556 0.02625 0.042222222222222223
3 0.353125 0.8044444444444444 0.03125 0.04888888888888889
5 0.494375 0.2544444444444444 0.07625 0.13555555555555557
1 0.584375 0.6277777777777778 0.07625 0.042222222222222223
2 0.5875 0.7633333333333333 0.1275 0.16666666666666666
1 0.493125 0.2688888888888889 0.05375 0.05333333333333334
1 0.13 0.6055555555555555 0.0725 0.04666666666666667
1 0.33125 0.6033333333333334 0.0875 0.042222222222222223
1 0.239375 0.6911111111111111 0.06625 0.057777777777777775
