5 0.12125 0.18 0.09 0.13
5 0.305625 0.185 0.09875 0.14
5 0.213125 0.3433333333333333 0.10375 0.13666666666666666
4 0.549375 0.24333333333333335 0.13125 0.13333333333333333
4 0.725625 0.24166666666666667 0.12125 0.13
4 0.8875 0.23416666666666666 0.1425 0.13166666666666665
6 0.24875 0.7083333333333334 0.1875 0.25333333333333335
1 0.685 0.685 0.1575 0.08333333333333333
1 0.5175 0.07916666666666666 0.0725 0.058333333333333334
1 0.559375 0.49333333333333335 0.08375 0.05333333333333334
1 0.08 0.05333333333333334 0.1025 0.05
1 0.105 0.5075 0.1 0.051666666666666666
1 0.386875 0.5925 0.16125 0.065
1 0.411875 0.6791666666666667 0.14625 0.07833333333333334
1 0.405 0.7691666666666667 0.155 0.055
1 0.543125 0.24333333333333335 0.07875 0.04666666666666667
1 0.73125 0.235 0.105 0.043333333333333335
1 0.88 0.2375 0.07 0.04833333333333333
0 0.72375 0.22916666666666666 0.5525 0.4483333333333333
0 0.24375 0.23083333333333333 0.4875 0.4583333333333333
0 0.74125 0.7191666666666666 0.5175 0.5616666666666666
0 0.264375 0.7191666666666666 0.52875 0.5616666666666666
1 0.126875 0.15416666666666667 0.06625 0.028333333333333332
1 0.308125 0.17416666666666666 0.08625 0.03833333333333333
1 0.215625 0.31083333333333335 0.08625 0.041666666666666664
2 0.2 0.3566666666666667 0.0525 0.05333333333333334
2 0.3 0.2025 0.045 0.041666666666666664
2 0.106875 0.19416666666666665 0.05125 0.04833333333333333
