1 0.1675 0.25093808630394 0.1825 0.04409005628517824
3 0.375 0.2781425891181989 0.0475 0.03470919324577861
3 0.195625 0.33161350844277676 0.04125 0.03470919324577861
3 0.08375 0.33911819887429645 0.0525 0.040337711069418386
1 0.085 0.3799249530956848 0.0625 0.028142589118198873
1 0.215625 0.3803939962476548 0.08625 0.040337711069418386
3 0.375 0.36585365853658536 0.0475 0.0375234521575985
1 0.399375 0.3954033771106942 0.08375 0.027204502814258912
1 0.39875 0.3067542213883677 0.095 0.02626641651031895
1 0.6075 0.2575046904315197 0.18 0.04221388367729831
3 0.564375 0.3147279549718574 0.03375 0.03095684803001876
5 0.56875 0.3344277673545966 0.095 0.08161350844277673
1 0.575 0.34803001876172607 0.065 0.04127579737335835
1 0.589375 0.399624765478424 0.15875 0.03189493433395872
1 0.8475 0.29409005628517826 0.1725 0.040337711069418386
1 0.861875 0.33771106941838647 0.20875 0.04127579737335835
1 0.84 0.3869606003752345 0.1775 0.036585365853658534
1 0.67625 0.49859287054409007 0.1775 0.04221388367729831
1 0.69875 0.5525328330206379 0.0775 0.024390243902439025
2 0.6925 0.6013133208255159 0.135 0.07129455909943715
1 0.24125 0.4901500938086304 0.11 0.05347091932457786
1 0.34125 0.524390243902439 0.0625 0.028142589118198873
1 0.124375 0.5290806754221389 0.07125 0.03377110694183865
1 0.236875 0.5764540337711069 0.07875 0.029080675422138838
3 0.10625 0.6435272045028143 0.0375 0.03189493433395872
3 0.240625 0.6529080675422139 0.03875 0.02626641651031895
3 0.339375 0.6341463414634146 0.03625 0.02626641651031895
0 0.721875 0.3592870544090056 0.48625 0.2551594746716698
0 0.726875 0.5905253283302064 0.49375 0.26172607879924953
0 0.268125 0.3475609756097561 0.45875 0.2373358348968105
0 0.26625 0.5909943714821764 0.455 0.27204502814258913
5 0.3375 0.525797373358349 0.0925 0.04409005628517824
5 0.229375 0.5755159474671669 0.10125 0.04971857410881801
5 0.11875 0.5314258911819888 0.095 0.055347091932457786
