8 0.16 0.6766666666666666 0.2275 0.22333333333333333
1 0.36125 0.5333333333333333 0.25 0.07
1 0.62375 0.5233333333333333 0.0875 0.05333333333333334
1 0.78625 0.6925 0.1075 0.055
1 0.105625 0.345 0.08125 0.04
1 0.285 0.3175 0.0775 0.035
1 0.455 0.30916666666666665 0.0875 0.03833333333333333
1 0.085 0.035833333333333335 0.1125 0.03833333333333333
1 0.57625 0.11666666666666667 0.055 0.03666666666666667
1 0.1025 0.1975 0.1225 0.051666666666666666
1 0.290625 0.19916666666666666 0.10125 0.041666666666666664
1 0.4525 0.2125 0.1025 0.04833333333333333
3 0.59875 0.22833333333333333 0.0225 0.03
3 0.7525 0.22083333333333333 0.02 0.028333333333333332
3 0.88875 0.21833333333333332 0.0225 0.023333333333333334
4 0.9175 0.21916666666666668 0.105 0.085
4 0.781875 0.22333333333333333 0.12875 0.09
4 0.628125 0.22916666666666666 0.12125 0.09833333333333333
1 0.613125 0.3333333333333333 0.10625 0.043333333333333335
1 0.791875 0.30666666666666664 0.08375 0.04
1 0.920625 0.29333333333333333 0.05375 0.03
5 0.106875 0.21333333333333335 0.14375 0.16333333333333333
5 0.2975 0.2175 0.1425 0.145
4 0.45375 0.21833333333333332 0.115 0.13666666666666666
0 0.279375 0.2916666666666667 0.55875 0.44666666666666666
0 0.76625 0.2775 0.4675 0.41833333333333333
0 0.774375 0.7275 0.45125 0.5416666666666666
0 0.311875 0.7383333333333333 0.62375 0.5233333333333333
1 0.391875 0.58 0.22125 0.056666666666666664
1 0.37125 0.6316666666666667 0.1575 0.06333333333333334
