5 0.085625 0.25916666666666666 0.10875 0.11833333333333333
5 0.23125 0.26416666666666666 0.115 0.115
5 0.375625 0.26416666666666666 0.12375 0.135
1 0.063125 0.35333333333333333 0.08875 0.05
1 0.223125 0.3466666666666667 0.11375 0.043333333333333335
1 0.39375 0.3575 0.145 0.041666666666666664
1 0.10625 0.115 0.145 0.04
1 0.54375 0.12666666666666668 0.1 0.05
3 0.585625 0.20083333333333334 0.02125 0.03166666666666667
3 0.58375 0.2808333333333333 0.025 0.035
3 0.595625 0.36583333333333334 0.02125 0.045
1 0.655625 0.36833333333333335 0.08375 0.03333333333333333
1 0.665 0.275 0.135 0.03333333333333333
1 0.6375 0.20833333333333334 0.0825 0.043333333333333335
4 0.63125 0.20083333333333334 0.135 0.07833333333333334
4 0.65125 0.2733333333333333 0.1775 0.06666666666666667
4 0.648125 0.36666666666666664 0.15125 0.08333333333333333
1 0.83 0.18416666666666667 0.19 0.06166666666666667
1 0.864375 0.26166666666666666 0.20125 0.05333333333333334
1 0.846875 0.37333333333333335 0.21625 0.056666666666666664
1 0.561875 0.5241666666666667 0.13125 0.051666666666666666
1 0.6725 0.6733333333333333 0.15 0.06666666666666667
1 0.084375 0.5441666666666667 0.13125 0.03833333333333333
1 0.33375 0.5775 0.2575 0.04833333333333333
1 0.338125 0.6358333333333334 0.21375 0.06166666666666667
1 0.341875 0.72 0.15375 0.05
7 0.12625 0.6858333333333333 0.225 0.18166666666666667
0 0.72125 0.7341666666666666 0.5025 0.5116666666666667
4 0.25375 0.7333333333333333 0.4875 0.5166666666666667
4 0.714375 0.2875 0.51625 0.43166666666666664
4 0.246875 0.285 0.45875 0.43
