1 0.564375 0.42 0.09375 0.03666666666666667
1 0.718125 0.4225 0.08375 0.06833333333333333
3 0.555 0.2791666666666667 0.0275 0.041666666666666664
3 0.730625 0.2775 0.03375 0.04833333333333333
1 0.565 0.0925 0.065 0.045
4 0.57375 0.2891666666666667 0.125 0.14833333333333334
4 0.745 0.2916666666666667 0.145 0.15333333333333332
3 0.899375 0.2941666666666667 0.04625 0.055
4 0.91 0.3 0.1225 0.16
1 0.885625 0.4175 0.06875 0.03166666666666667
1 0.560625 0.5741666666666667 0.07375 0.035
1 0.65875 0.7183333333333334 0.09 0.03666666666666667
1 0.370625 0.6683333333333333 0.17375 0.043333333333333335
1 0.3875 0.7191666666666666 0.155 0.03166666666666667
1 0.381875 0.7891666666666667 0.12375 0.03166666666666667
8 0.161875 0.7408333333333333 0.19875 0.25166666666666665
1 0.07875 0.5516666666666666 0.0675 0.03666666666666667
1 0.385625 0.38333333333333336 0.09875 0.03333333333333333
1 0.23625 0.37333333333333335 0.055 0.02666666666666667
1 0.09375 0.38083333333333336 0.065 0.03833333333333333
1 0.088125 0.2125 0.10625 0.03166666666666667
1 0.255 0.23666666666666666 0.0925 0.02666666666666667
1 0.404375 0.255 0.10625 0.05
5 0.406875 0.2633333333333333 0.12625 0.17666666666666667
5 0.254375 0.26 0.12375 0.15666666666666668
5 0.091875 0.2425 0.12375 0.18166666666666667
1 0.08625 0.058333333333333334 0.11 0.043333333333333335
0 0.255 0.2658333333333333 0.49 0.5316666666666666
0 0.74 0.2875 0.5075 0.5216666666666666
0 0.734375 0.7608333333333334 0.52125 0.47833333333333333
0 0.2475 0.7475 0.4925 0.505
