0 0.25125 0.21626617375231053 0.5 0.43253234750462105
0 0.74125 0.22181146025878004 0.515 0.4399260628465804
0 0.258125 0.6940850277264325 0.51625 0.5785582255083179
0 0.746875 0.6950092421441775 0.50375 0.5693160813308688
1 0.6475 0.5868761552680222 0.0675 0.038817005545286505
1 0.56125 0.4491682070240296 0.055 0.033271719038817
1 0.5725 0.300369685767098 0.08 0.05730129390018484
1 0.771875 0.28650646950092423 0.06625 0.06284658040665435
1 0.93375 0.2634011090573013 0.0475 0.031423290203327174
2 0.9375 0.17467652495378927 0.0325 0.03512014787430684
1 0.93375 0.13493530499075784 0.05 0.029574861367837338
1 0.775 0.1487985212569316 0.1025 0.04621072088724584
2 0.769375 0.19038817005545286 0.02875 0.029574861367837338
2 0.5675 0.19593345656192238 0.03 0.029574861367837338
1 0.578125 0.16635859519408502 0.06125 0.04436229205175601
4 0.5925 0.16358595194085027 0.12 0.11645101663585952
4 0.773125 0.15804066543438078 0.11875 0.12384473197781885
4 0.940625 0.15249537892791126 0.11375 0.12754158964879853
1 0.57125 0.05083179297597042 0.0475 0.038817005545286505
1 0.40625 0.5351201478743068 0.17 0.08317929759704251
1 0.414375 0.577634011090573 0.15125 0.04990757855822551
1 0.418125 0.6561922365988909 0.07125 0.07763401109057301
7 0.135625 0.6534195933456562 0.19625 0.23475046210720887
1 0.049375 0.4454713493530499 0.07125 0.036968576709796676
1 0.22625 0.29852125693160814 0.0575 0.03512014787430684
1 0.39375 0.30406654343807765 0.0875 0.04251386321626617
1 0.049375 0.3123844731977819 0.05625 0.05545286506469501
1 0.07 0.1709796672828096 0.095 0.04621072088724584
3 0.068125 0.20794824399260628 0.03125 0.024029574861367836
3 0.22 0.20609981515711645 0.0275 0.03512014787430684
3 0.389375 0.20425138632162662 0.02875 0.03512014787430684
1 0.39125 0.16820702402957485 0.125 0.05545286506469501
1 0.22125 0.15711645101663585 0.1075 0.033271719038817
5 0.389375 0.17467652495378927 0.15375 0.1977818853974122
5 0.21875 0.17190388170055454 0.135 0.17744916820702403
5 0.075 0.17837338262476896 0.1175 0.14602587800369685
1 0.06125 0.06284658040665435 0.09 0.05545286506469501
