1 0.679375 0.55 0.10875 0.04666666666666667
1 0.626875 0.4166666666666667 0.07875 0.03666666666666667
1 0.60125 0.2866666666666667 0.085 0.043333333333333335
1 0.711875 0.28 0.07375 0.05333333333333334
1 0.835 0.2633333333333333 0.0475 0.02666666666666667
1 0.854375 0.19916666666666666 0.04375 0.025
1 0.718125 0.21 0.06625 0.04
1 0.594375 0.21833333333333332 0.04875 0.03333333333333333
1 0.594375 0.09833333333333333 0.06625 0.03666666666666667
1 0.235625 0.09083333333333334 0.09125 0.03833333333333333
1 0.43375 0.20833333333333334 0.08 0.04666666666666667
1 0.3025 0.2075 0.075 0.025
1 0.18 0.20666666666666667 0.065 0.023333333333333334
1 0.17 0.2991666666666667 0.0575 0.03833333333333333
1 0.29125 0.29 0.045 0.03
1 0.449375 0.2825 0.08625 0.028333333333333332
1 0.195 0.425 0.085 0.043333333333333335
1 0.441875 0.4766666666666667 0.18125 0.05333333333333334
1 0.455625 0.5225 0.15875 0.03833333333333333
1 0.459375 0.5633333333333334 0.14625 0.03666666666666667
8 0.23 0.6216666666666667 0.23 0.25
2 0.42125 0.23583333333333334 0.03 0.03166666666666667
2 0.284375 0.24583333333333332 0.02375 0.025
2 0.163125 0.2475 0.02875 0.03166666666666667
5 0.18 0.22666666666666666 0.08 0.09666666666666666
5 0.303125 0.22333333333333333 0.09125 0.1
5 0.433125 0.21416666666666667 0.09125 0.10166666666666667
4 0.589375 0.2125 0.08625 0.085
4 0.708125 0.20416666666666666 0.09125 0.08166666666666667
4 0.844375 0.19916666666666666 0.09375 0.08833333333333333
3 0.81875 0.19916666666666666 0.0175 0.021666666666666667
3 0.678125 0.20583333333333334 0.01625 0.028333333333333332
3 0.560625 0.21583333333333332 0.01625 0.021666666666666667
0 0.766875 0.6558333333333334 0.46625 0.555
0 0.27875 0.6566666666666666 0.5575 0.56
0 0.7575 0.19833333333333333 0.485 0.39666666666666667
0 0.268125 0.2025 0.53625 0.405
