0 0.719375 0.3531894934333959 0.50875 0.25046904315197
0 0.2525 0.3405253283302064 0.44 0.23452157598499063
0 0.7075 0.5881801125703565 0.525 0.2682926829268293
0 0.25125 0.5811444652908068 0.4375 0.28236397748592873
1 0.528125 0.25046904315197 0.08875 0.028142589118198873
3 0.651875 0.26360225140712945 0.01875 0.016885553470919325
1 0.688125 0.2696998123827392 0.05125 0.029080675422138838
3 0.650625 0.3475609756097561 0.01625 0.014071294559099437
1 0.691875 0.349906191369606 0.06625 0.0225140712945591
3 0.65 0.4352720450281426 0.0225 0.01876172607879925
1 0.691875 0.4324577861163227 0.05125 0.01876172607879925
4 0.68 0.26594746716697937 0.0875 0.06097560975609756
4 0.681875 0.349437148217636 0.08875 0.055347091932457786
4 0.684375 0.4324577861163227 0.10375 0.0600375234521576
1 0.839375 0.2687617260787992 0.13125 0.04221388367729831
1 0.8575 0.34803001876172607 0.1925 0.04127579737335835
1 0.8475 0.4343339587242026 0.18 0.04127579737335835
1 0.62 0.5647279549718575 0.1025 0.03189493433395872
1 0.529375 0.47654784240150094 0.08625 0.028142589118198873
1 0.349375 0.5150093808630394 0.19625 0.0450281425891182
1 0.3625 0.549718574108818 0.18 0.03189493433395872
1 0.355 0.598968105065666 0.1225 0.055347091932457786
7 0.18375 0.5834896810506567 0.24 0.16135084427767354
1 0.08875 0.4624765478424015 0.0875 0.0300187617260788
1 0.356875 0.3799249530956848 0.12625 0.024390243902439025
1 0.2125 0.3789868667917448 0.0675 0.02626641651031895
1 0.0875 0.39587242026266417 0.08 0.0525328330206379
5 0.36 0.32082551594746717 0.0825 0.058161350844277676
5 0.22625 0.31801125703564725 0.08 0.054409005628517824
5 0.093125 0.32129455909943716 0.08375 0.055347091932457786
1 0.096875 0.24390243902439024 0.08625 0.0300187617260788
