1 0.70875 0.15 0.0725 0.056666666666666664
1 0.821875 0.14583333333333334 0.09875 0.051666666666666666
1 0.699375 0.2891666666666667 0.09625 0.045
1 0.835625 0.28833333333333333 0.13375 0.05
1 0.844375 0.4116666666666667 0.13625 0.056666666666666664
1 0.700625 0.41583333333333333 0.07125 0.045
3 0.641875 0.41583333333333333 0.02375 0.041666666666666664
3 0.643125 0.2875 0.01875 0.045
3 0.651875 0.14833333333333334 0.02875 0.05
1 0.524375 0.03666666666666667 0.05875 0.04666666666666667
4 0.695625 0.14666666666666667 0.13875 0.10333333333333333
4 0.694375 0.28833333333333333 0.14125 0.08666666666666667
4 0.69 0.4175 0.15 0.08166666666666667
1 0.5225 0.5358333333333334 0.065 0.04833333333333333
1 0.678125 0.6933333333333334 0.07875 0.06
1 0.40625 0.6666666666666666 0.14 0.13666666666666666
7 0.210625 0.7425 0.24625 0.265
1 0.0475 0.5583333333333333 0.085 0.06
1 0.06125 0.3233333333333333 0.065 0.05333333333333334
1 0.205625 0.32666666666666666 0.06875 0.04666666666666667
1 0.39125 0.3408333333333333 0.11 0.051666666666666666
5 0.375625 0.2633333333333333 0.07625 0.09666666666666666
5 0.20875 0.2475 0.0775 0.105
5 0.063125 0.24 0.07375 0.10666666666666667
0 0.731875 0.7458333333333333 0.52125 0.505
0 0.725625 0.25416666666666665 0.50875 0.5083333333333333
0 0.23875 0.26166666666666666 0.4775 0.5233333333333333
0 0.240625 0.7458333333333333 0.48125 0.5016666666666667
