1 0.09 0.3487972508591065 0.09 0.07903780068728522
1 0.265625 0.34621993127147765 0.09625 0.05326460481099656
1 0.420625 0.33075601374570446 0.12125 0.05670103092783505
5 0.11875 0.16666666666666666 0.1375 0.22336769759450173
5 0.28625 0.15378006872852235 0.1125 0.17697594501718214
5 0.4475 0.17010309278350516 0.115 0.16838487972508592
1 0.641875 0.09707903780068729 0.08625 0.03608247422680412
1 0.648125 0.24140893470790378 0.12875 0.04639175257731959
1 0.62125 0.36683848797250856 0.0625 0.03608247422680412
1 0.8 0.0936426116838488 0.1275 0.03951890034364261
1 0.82875 0.24914089347079038 0.175 0.06529209621993128
1 0.804375 0.3797250859106529 0.15375 0.048109965635738834
1 0.575 0.5197594501718213 0.08 0.04982817869415808
1 0.69375 0.7027491408934707 0.1175 0.08247422680412371
1 0.08125 0.47680412371134023 0.115 0.06013745704467354
1 0.40625 0.6554982817869416 0.1725 0.04982817869415808
1 0.406875 0.7216494845360825 0.16125 0.048109965635738834
1 0.4025 0.7981099656357389 0.085 0.04982817869415808
7 0.258125 0.7061855670103093 0.38125 0.30927835051546393
3 0.569375 0.3702749140893471 0.02125 0.03608247422680412
3 0.56625 0.23711340206185566 0.0225 0.03436426116838488
3 0.57375 0.1013745704467354 0.0275 0.037800687285223365
4 0.61875 0.10652920962199312 0.1525 0.09965635738831616
4 0.62875 0.24398625429553264 0.195 0.09621993127147767
4 0.609375 0.3754295532646048 0.13125 0.09106529209621993
0 0.260625 0.24054982817869416 0.50625 0.47766323024054985
0 0.748125 0.24398625429553264 0.50375 0.47079037800687284
0 0.748125 0.718213058419244 0.50125 0.5360824742268041
0 0.255625 0.7121993127147767 0.50875 0.5515463917525774
