1 0.60875 0.6514476614699332 0.0625 0.09131403118040089
1 0.54625 0.5400890868596881 0.0625 0.0378619153674833
1 0.53 0.28507795100222716 0.0525 0.044543429844097995
4 0.53 0.2806236080178174 0.07 0.14253897550111358
1 0.6525 0.27060133630289535 0.07 0.051224944320712694
4 0.649375 0.2639198218262806 0.08125 0.1492204899777283
1 0.754375 0.24276169265033407 0.04625 0.026726057906458798
4 0.763125 0.24721603563474387 0.07875 0.14699331848552338
1 0.52375 0.1403118040089087 0.0475 0.035634743875278395
1 0.39625 0.6202672605790646 0.1675 0.0556792873051225
1 0.391875 0.6759465478841871 0.16125 0.0467706013363029
1 0.376875 0.7394209354120267 0.12125 0.053452115812917596
6 0.234375 0.7138084632516704 0.14625 0.22494432071269488
1 0.200625 0.5367483296213809 0.07125 0.031180400890868598
2 0.285625 0.4053452115812918 0.03375 0.044543429844097995
2 0.2275 0.2806236080178174 0.03 0.0400890868596882
2 0.360625 0.2873051224944321 0.02625 0.0400890868596882
1 0.361875 0.23608017817371937 0.07875 0.05790645879732739
1 0.289375 0.3596881959910913 0.06875 0.028953229398663696
1 0.23 0.22939866369710468 0.06 0.044543429844097995
1 0.196875 0.12138084632516703 0.08625 0.042316258351893093
0 0.320625 0.2817371937639198 0.34125 0.41648106904231624
0 0.65 0.2828507795100223 0.36 0.4142538975501114
0 0.65875 0.6659242761692651 0.345 0.44543429844098
0 0.326875 0.6815144766146993 0.35125 0.42316258351893093
