1 0.193125 0.10176991150442478 0.06875 0.05309734513274336
1 0.199375 0.25331858407079644 0.06125 0.03761061946902655
1 0.300625 0.2411504424778761 0.06125 0.035398230088495575
1 0.400625 0.2555309734513274 0.07625 0.046460176991150445
1 0.188125 0.3926991150442478 0.04375 0.06415929203539823
1 0.294375 0.3827433628318584 0.04625 0.05309734513274336
1 0.39875 0.3915929203539823 0.0625 0.048672566371681415
1 0.5425 0.1084070796460177 0.04 0.048672566371681415
1 0.543125 0.39601769911504425 0.06625 0.05752212389380531
1 0.6525 0.3915929203539823 0.06 0.05309734513274336
1 0.760625 0.38716814159292035 0.03875 0.04424778761061947
1 0.19125 0.5519911504424779 0.0525 0.0420353982300885
1 0.409375 0.6073008849557522 0.13625 0.05530973451327434
1 0.415 0.6603982300884956 0.1125 0.0420353982300885
1 0.426875 0.7179203539823009 0.08625 0.0420353982300885
1 0.5375 0.5420353982300885 0.05 0.048672566371681415
1 0.596875 0.6858407079646017 0.06375 0.05309734513274336
5 0.2025 0.2676991150442478 0.08 0.13274336283185842
5 0.301875 0.25995575221238937 0.08125 0.13053097345132744
5 0.4 0.2610619469026549 0.0825 0.1415929203539823
3 0.525 0.27876106194690264 0.015 0.035398230088495575
3 0.6325 0.26991150442477874 0.015 0.035398230088495575
3 0.75375 0.26991150442477874 0.0125 0.035398230088495575
4 0.5525 0.27876106194690264 0.0775 0.11504424778761062
4 0.661875 0.27101769911504425 0.08125 0.1261061946902655
4 0.775625 0.2688053097345133 0.07375 0.1261061946902655
8 0.24375 0.7278761061946902 0.17 0.23008849557522124
0 0.32 0.2688053097345133 0.375 0.4756637168141593
0 0.6825 0.2688053097345133 0.3825 0.47123893805309736
0 0.68375 0.7278761061946902 0.385 0.5
0 0.315 0.7234513274336283 0.3825 0.48672566371681414
