1 0.663125 0.6941666666666667 0.08625 0.03166666666666667
1 0.600625 0.5266666666666666 0.07125 0.04
1 0.60875 0.39666666666666667 0.0775 0.05333333333333334
1 0.76375 0.39666666666666667 0.0825 0.04666666666666667
1 0.894375 0.38666666666666666 0.05375 0.02666666666666667
3 0.875 0.2808333333333333 0.025 0.028333333333333332
3 0.726875 0.2783333333333333 0.02625 0.02666666666666667
3 0.569375 0.2725 0.02875 0.03166666666666667
4 0.915 0.2833333333333333 0.13 0.13333333333333333
4 0.77 0.2825 0.12 0.12833333333333333
4 0.615 0.2783333333333333 0.13 0.13666666666666666
1 0.601875 0.09083333333333334 0.07375 0.03833333333333333
1 0.156875 0.09166666666666666 0.09625 0.05333333333333334
1 0.305625 0.235 0.09625 0.02666666666666667
1 0.449375 0.25083333333333335 0.10375 0.03833333333333333
1 0.154375 0.23333333333333334 0.10125 0.02666666666666667
1 0.439375 0.3908333333333333 0.09875 0.03166666666666667
1 0.286875 0.38916666666666666 0.07125 0.03166666666666667
1 0.139375 0.3958333333333333 0.06375 0.055
5 0.16125 0.2758333333333333 0.1375 0.18166666666666667
5 0.301875 0.28 0.13125 0.18
5 0.44375 0.28583333333333333 0.13 0.175
0 0.278125 0.24583333333333332 0.52125 0.4816666666666667
0 0.766875 0.25666666666666665 0.46625 0.4633333333333333
0 0.764375 0.7391666666666666 0.47125 0.5216666666666666
1 0.403125 0.6141666666666666 0.19125 0.04833333333333333
1 0.11375 0.5425 0.085 0.041666666666666664
8 0.23125 0.7391666666666666 0.2375 0.21166666666666667
0 0.27625 0.7408333333333333 0.525 0.5183333333333333
1 0.42 0.6608333333333334 0.19 0.035
1 0.401875 0.7216666666666667 0.12625 0.03
