0 0.761875 0.2804878048780488 0.47625 0.5447154471544715
0 0.755625 0.7510162601626016 0.48875 0.49796747967479676
0 0.266875 0.28760162601626016 0.53375 0.5548780487804879
0 0.266875 0.75 0.53375 0.5
1 0.393125 0.6717479674796748 0.19125 0.07520325203252033
1 0.419375 0.7327235772357723 0.16375 0.046747967479674794
1 0.41875 0.8058943089430894 0.1175 0.0508130081300813
1 0.075 0.633130081300813 0.0875 0.054878048780487805
7 0.18 0.842479674796748 0.2175 0.22154471544715448
1 0.595625 0.5823170731707317 0.07125 0.046747967479674794
1 0.6925 0.7459349593495935 0.0825 0.08943089430894309
1 0.608125 0.0701219512195122 0.06625 0.0508130081300813
3 0.650625 0.1565040650406504 0.03125 0.06097560975609756
1 0.71375 0.16463414634146342 0.065 0.056910569105691054
1 0.72 0.2845528455284553 0.1125 0.036585365853658534
3 0.643125 0.28353658536585363 0.02375 0.03861788617886179
1 0.70125 0.4024390243902439 0.055 0.036585365853658534
3 0.643125 0.40447154471544716 0.02875 0.036585365853658534
1 0.8825 0.16463414634146342 0.0825 0.06910569105691057
1 0.91 0.2815040650406504 0.1475 0.042682926829268296
1 0.891875 0.40853658536585363 0.13375 0.052845528455284556
1 0.395625 0.3871951219512195 0.08625 0.0508130081300813
5 0.391875 0.2703252032520325 0.13125 0.17073170731707318
5 0.250625 0.2693089430894309 0.10875 0.16056910569105692
1 0.244375 0.3790650406504065 0.05875 0.046747967479674794
5 0.1075 0.27439024390243905 0.12 0.15853658536585366
1 0.088125 0.39227642276422764 0.07125 0.052845528455284556
1 0.089375 0.0782520325203252 0.09875 0.03861788617886179
