1 0.1925 0.25 0.1625 0.05
1 0.130625 0.5683333333333334 0.10125 0.06
6 0.140625 0.7458333333333333 0.17875 0.21833333333333332
1 0.365625 0.6158333333333333 0.26625 0.06833333333333333
1 0.57 0.5908333333333333 0.1075 0.058333333333333334
1 0.67625 0.6891666666666667 0.07 0.07166666666666667
1 0.67 0.7425 0.0825 0.051666666666666666
1 0.365 0.6733333333333333 0.275 0.07
1 0.348125 0.7591666666666667 0.21875 0.09833333333333333
1 0.571875 0.2575 0.07875 0.058333333333333334
1 0.595 0.38333333333333336 0.1025 0.07666666666666666
4 0.59125 0.375 0.1275 0.12666666666666668
1 0.746875 0.38166666666666665 0.10625 0.08
4 0.743125 0.37333333333333335 0.12125 0.12666666666666668
1 0.884375 0.36583333333333334 0.07875 0.058333333333333334
4 0.88375 0.3725 0.1075 0.12166666666666667
1 0.404375 0.35 0.13125 0.07
1 0.2375 0.33166666666666667 0.1075 0.043333333333333335
1 0.30875 0.45916666666666667 0.1175 0.041666666666666664
2 0.31 0.4975 0.0725 0.04833333333333333
2 0.396875 0.3925 0.07375 0.058333333333333334
2 0.228125 0.3675 0.06375 0.055
5 0.400625 0.36583333333333334 0.14625 0.14166666666666666
5 0.300625 0.4816666666666667 0.15375 0.11666666666666667
5 0.224375 0.3591666666666667 0.13875 0.11833333333333333
0 0.739375 0.7291666666666666 0.49125 0.395
0 0.72875 0.3616666666666667 0.4725 0.4033333333333333
0 0.27125 0.37166666666666665 0.4675 0.38666666666666666
0 0.268125 0.7341666666666666 0.48875 0.41833333333333333
