0 0.265 0.35333333333333333 0.5175 0.4066666666666667
0 0.759375 0.35333333333333333 0.47375 0.4066666666666667
1 0.3825 0.7775 0.2275 0.21166666666666667
0 0.265 0.7733333333333333 0.515 0.43666666666666665
0 0.76 0.7725 0.475 0.43166666666666664
1 0.085 0.6425 0.0875 0.085
6 0.153125 0.8 0.15125 0.22333333333333333
1 0.064375 0.18 0.06875 0.06
1 0.13375 0.2891666666666667 0.0875 0.045
1 0.375 0.3075 0.0975 0.035
1 0.25375 0.4483333333333333 0.0925 0.03333333333333333
2 0.1375 0.355 0.05 0.06
2 0.378125 0.3458333333333333 0.04875 0.051666666666666666
2 0.25375 0.4925 0.055 0.055
5 0.1425 0.31666666666666665 0.125 0.19666666666666666
5 0.3725 0.3225 0.105 0.12833333333333333
5 0.258125 0.4683333333333333 0.12125 0.16666666666666666
1 0.56875 0.20583333333333334 0.05 0.06833333333333333
4 0.6075 0.3258333333333333 0.1125 0.14166666666666666
4 0.765625 0.3175 0.10375 0.145
4 0.93125 0.32 0.09 0.13
1 0.603125 0.3358333333333333 0.06375 0.041666666666666664
1 0.7675 0.31416666666666665 0.1025 0.035
1 0.9375 0.31583333333333335 0.045 0.041666666666666664
1 0.576875 0.6025 0.07875 0.055
1 0.631875 0.7258333333333333 0.06375 0.07166666666666667
