1 0.91125 0.4125 0.065 0.035
1 0.750625 0.4216666666666667 0.09375 0.04666666666666667
1 0.5825 0.43333333333333335 0.1075 0.043333333333333335
1 0.434375 0.44916666666666666 0.09375 0.035
1 0.248125 0.44916666666666666 0.07625 0.035
1 0.08 0.4666666666666667 0.0775 0.043333333333333335
1 0.066875 0.08416666666666667 0.11625 0.04833333333333333
1 0.56625 0.11083333333333334 0.0675 0.045
1 0.415625 0.265 0.14625 0.04666666666666667
1 0.24875 0.265 0.12 0.03666666666666667
1 0.073125 0.2658333333333333 0.13375 0.03833333333333333
5 0.415625 0.29 0.16375 0.24333333333333335
5 0.253125 0.2833333333333333 0.15375 0.22
5 0.0825 0.28583333333333333 0.165 0.23166666666666666
3 0.888125 0.255 0.03875 0.03666666666666667
3 0.7225 0.2708333333333333 0.035 0.041666666666666664
3 0.554375 0.2791666666666667 0.03875 0.04833333333333333
4 0.92125 0.25333333333333335 0.1425 0.17666666666666667
4 0.758125 0.2675 0.13625 0.16166666666666665
4 0.586875 0.2775 0.14125 0.15833333333333333
1 0.581875 0.6 0.08875 0.04
1 0.729375 0.7775 0.12375 0.041666666666666664
1 0.0825 0.6183333333333333 0.09 0.043333333333333335
1 0.388125 0.6291666666666667 0.19375 0.055
1 0.40625 0.7083333333333334 0.175 0.05
1 0.419375 0.79 0.13875 0.03666666666666667
8 0.19625 0.8241666666666667 0.27 0.2683333333333333
0 0.74375 0.25666666666666665 0.4975 0.5133333333333333
0 0.745 0.745 0.5025 0.51
0 0.254375 0.7525 0.50875 0.495
0 0.255625 0.27416666666666667 0.51125 0.5483333333333333
