1 0.110625 0.07 0.07375 0.03666666666666667
1 0.1875 0.17416666666666666 0.0825 0.035
1 0.370625 0.16416666666666666 0.10875 0.041666666666666664
1 0.275625 0.32083333333333336 0.06875 0.03166666666666667
1 0.526875 0.06166666666666667 0.04625 0.04
1 0.54125 0.24333333333333335 0.0475 0.04
1 0.671875 0.23 0.08125 0.02666666666666667
1 0.809375 0.22166666666666668 0.04375 0.03
1 0.105625 0.5425 0.06625 0.041666666666666664
1 0.39125 0.5783333333333334 0.145 0.04666666666666667
1 0.390625 0.6133333333333333 0.15125 0.04666666666666667
1 0.366875 0.6716666666666666 0.10125 0.043333333333333335
1 0.52875 0.51 0.0575 0.03666666666666667
1 0.6325 0.6258333333333334 0.055 0.058333333333333334
2 0.178125 0.22 0.03125 0.04
2 0.35875 0.2125 0.03 0.04833333333333333
2 0.27 0.36583333333333334 0.0425 0.04833333333333333
5 0.18625 0.20083333333333334 0.115 0.155
5 0.366875 0.19 0.13375 0.16666666666666666
5 0.27625 0.35833333333333334 0.105 0.17
4 0.55125 0.2375 0.0925 0.11833333333333333
4 0.675 0.2275 0.105 0.11833333333333333
4 0.8125 0.22416666666666665 0.105 0.115
6 0.225625 0.6741666666666667 0.14375 0.19833333333333333
0 0.271875 0.2675 0.43875 0.48833333333333334
0 0.70875 0.25833333333333336 0.465 0.47
0 0.27375 0.705 0.445 0.4766666666666667
0 0.713125 0.7041666666666667 0.46875 0.4683333333333333
