0 0.251875 0.2545126353790614 0.50375 0.5090252707581228
0 0.744375 0.24729241877256317 0.51125 0.49458483754512633
0 0.748125 0.7283393501805054 0.50375 0.5433212996389891
0 0.255625 0.7364620938628159 0.51125 0.5270758122743683
1 0.53875 0.042418772563176894 0.0425 0.03429602888086643
1 0.673125 0.11823104693140794 0.05875 0.03790613718411552
1 0.678125 0.26353790613718414 0.09125 0.032490974729241874
1 0.684375 0.3953068592057762 0.04875 0.02888086642599278
1 0.8175 0.398014440433213 0.105 0.04151624548736462
1 0.825 0.2581227436823105 0.1325 0.036101083032490974
1 0.814375 0.11281588447653429 0.07875 0.04151624548736462
3 0.63125 0.4016245487364621 0.0275 0.03429602888086643
3 0.616875 0.26805054151624547 0.01875 0.03790613718411552
3 0.62375 0.11371841155234658 0.025 0.032490974729241874
4 0.65625 0.11913357400722022 0.1175 0.09386281588447654
4 0.663125 0.26534296028880866 0.12625 0.10830324909747292
4 0.670625 0.3944043321299639 0.12875 0.10288808664259928
1 0.550625 0.5406137184115524 0.05625 0.03790613718411552
1 0.676875 0.7247292418772563 0.08125 0.052346570397111915
1 0.381875 0.6678700361010831 0.19125 0.04693140794223827
1 0.3825 0.7472924187725631 0.1975 0.04332129963898917
1 0.344375 0.8429602888086642 0.11375 0.04693140794223827
7 0.175 0.805956678700361 0.295 0.34115523465703973
1 0.0475 0.5433212996389891 0.055 0.02888086642599278
5 0.068125 0.21660649819494585 0.11375 0.16967509025270758
5 0.2425 0.20126353790613719 0.1125 0.17509025270758122
5 0.393125 0.1976534296028881 0.11375 0.17509025270758122
1 0.401875 0.31498194945848373 0.08375 0.03429602888086643
1 0.24125 0.3231046931407942 0.0575 0.032490974729241874
1 0.05375 0.34747292418772563 0.05 0.03790613718411552
1 0.06 0.07220216606498195 0.0775 0.036101083032490974
