1 0.60625 0.09427767354596622 0.0325 0.08161350844277673
1 0.615 0.25656660412757976 0.035 0.07410881801125703
1 0.625625 0.3907129455909944 0.04375 0.0947467166979362
5 0.74 0.10412757973733583 0.16 0.11819887429643527
5 0.748125 0.24765478424015008 0.15375 0.10881801125703565
5 0.758125 0.3907129455909944 0.15125 0.12664165103189493
1 0.458125 0.08536585365853659 0.06125 0.10318949343339587
7 0.285 0.13696060037523453 0.23 0.24390243902439024
1 0.42 0.3428705440900563 0.075 0.2129455909943715
0 0.75 0.24108818011257035 0.4725 0.4803001876172608
0 0.27 0.24577861163227016 0.5375 0.48405253283302063
1 0.355625 0.3616322701688555 0.06875 0.20356472795497185
1 0.265625 0.35881801125703566 0.05125 0.11913696060037524
1 0.488125 0.5595684803001876 0.03375 0.07598499061913697
1 0.670625 0.599906191369606 0.02875 0.05347091932457786
1 0.781875 0.6055347091932458 0.03125 0.08348968105065666
1 0.883125 0.5938086303939962 0.01875 0.04878048780487805
1 0.88375 0.7270168855534709 0.0375 0.0825515947467167
1 0.784375 0.7715759849906192 0.04125 0.1378986866791745
1 0.67625 0.7664165103189493 0.035 0.12382739212007504
3 0.67125 0.550187617260788 0.02 0.017823639774859287
3 0.775 0.5445590994371482 0.02 0.017823639774859287
3 0.875625 0.5422138836772983 0.02125 0.01876172607879925
4 0.88125 0.5736397748592871 0.075 0.09662288930581614
4 0.769375 0.5924015009380863 0.07625 0.14352720450281425
4 0.660625 0.5877110694183865 0.08375 0.11163227016885553
1 0.326875 0.6819887429643527 0.04625 0.09380863039399624
0 0.279375 0.7439024390243902 0.55875 0.5103189493433395
0 0.77125 0.7401500938086304 0.455 0.5196998123827392
