1 0.57625 0.5436893203883495 0.0725 0.045307443365695796
1 0.715625 0.6779935275080906 0.10875 0.045307443365695796
1 0.36875 0.587378640776699 0.1825 0.042071197411003236
1 0.4025 0.6472491909385113 0.1725 0.03559870550161812
1 0.4025 0.7063106796116505 0.125 0.040453074433656956
1 0.124375 0.5420711974110033 0.08625 0.04854368932038835
1 0.126875 0.05906148867313916 0.09125 0.040453074433656956
1 0.124375 0.22006472491909385 0.08375 0.038834951456310676
1 0.265625 0.20711974110032363 0.08875 0.038834951456310676
1 0.41875 0.22330097087378642 0.1175 0.032362459546925564
1 0.578125 0.08576051779935275 0.06625 0.05825242718446602
1 0.40625 0.3705501618122977 0.1025 0.038834951456310676
1 0.265625 0.36003236245954695 0.05625 0.0372168284789644
1 0.1425 0.3713592233009709 0.055 0.043689320388349516
1 0.61375 0.37540453074433655 0.0825 0.032362459546925564
1 0.794375 0.3826860841423948 0.07875 0.05339805825242718
1 0.925 0.3762135922330097 0.0575 0.0372168284789644
1 0.6425 0.2621359223300971 0.075 0.032362459546925564
1 0.823125 0.25161812297734626 0.09125 0.03398058252427184
1 0.94625 0.2532362459546926 0.0425 0.030744336569579287
8 0.1675 0.6933656957928802 0.165 0.16666666666666666
2 0.124375 0.28398058252427183 0.03875 0.06634304207119741
2 0.263125 0.26294498381877024 0.03875 0.06310679611650485
2 0.401875 0.27750809061488674 0.03875 0.05016181229773463
5 0.1225 0.2540453074433657 0.1325 0.16828478964401294
5 0.265625 0.24433656957928804 0.14125 0.16828478964401294
5 0.415625 0.25970873786407767 0.13625 0.1796116504854369
3 0.585625 0.2621359223300971 0.03875 0.05177993527508091
3 0.761875 0.25 0.02625 0.040453074433656956
3 0.9175 0.2588996763754045 0.0175 0.02912621359223301
4 0.631875 0.26779935275080907 0.14625 0.13106796116504854
4 0.809375 0.2645631067961165 0.14375 0.13106796116504854
4 0.946875 0.24919093851132687 0.08875 0.11326860841423948
0 0.74875 0.7354368932038835 0.5025 0.529126213592233
0 0.258125 0.7305825242718447 0.51625 0.5388349514563107
0 0.259375 0.24110032362459546 0.51875 0.48220064724919093
0 0.75 0.2354368932038835 0.5 0.470873786407767
