1 0.24625 0.09166666666666666 0.1025 0.05
1 0.23625 0.20416666666666666 0.0825 0.041666666666666664
1 0.228125 0.3441666666666667 0.06125 0.051666666666666666
1 0.34375 0.21083333333333334 0.07 0.028333333333333332
1 0.344375 0.33666666666666667 0.06375 0.03666666666666667
1 0.459375 0.21083333333333334 0.08875 0.04833333333333333
1 0.449375 0.345 0.07875 0.03666666666666667
1 0.574375 0.14833333333333334 0.06125 0.03666666666666667
3 0.57375 0.23083333333333333 0.0175 0.025
1 0.6075 0.23916666666666667 0.0475 0.03166666666666667
1 0.59125 0.3433333333333333 0.085 0.05
3 0.695 0.23166666666666666 0.025 0.03
1 0.7475 0.2425 0.08 0.03166666666666667
1 0.733125 0.3616666666666667 0.08125 0.056666666666666664
3 0.850625 0.2475 0.02625 0.03166666666666667
1 0.88375 0.25083333333333335 0.0375 0.025
1 0.864375 0.3591666666666667 0.05125 0.028333333333333332
1 0.24 0.5133333333333333 0.0775 0.043333333333333335
1 0.426875 0.5475 0.15125 0.065
1 0.44625 0.6083333333333333 0.12 0.03666666666666667
1 0.4625 0.6791666666666667 0.08 0.028333333333333332
1 0.58375 0.51 0.07 0.03333333333333333
1 0.64125 0.6383333333333333 0.095 0.04
2 0.22625 0.23916666666666667 0.0425 0.041666666666666664
2 0.339375 0.24666666666666667 0.04375 0.03666666666666667
2 0.44875 0.24583333333333332 0.0425 0.03833333333333333
5 0.23375 0.21916666666666668 0.105 0.13166666666666665
5 0.34375 0.22666666666666666 0.095 0.12666666666666668
5 0.45875 0.22833333333333333 0.1125 0.13
4 0.60125 0.235 0.0875 0.1
4 0.7375 0.24666666666666667 0.125 0.12333333333333334
4 0.874375 0.25333333333333335 0.09125 0.12333333333333334
8 0.258125 0.6566666666666666 0.12875 0.18333333333333332
0 0.33375 0.6833333333333333 0.38 0.48
0 0.73875 0.6966666666666667 0.435 0.5033333333333333
0 0.73125 0.2608333333333333 0.4125 0.38166666666666665
0 0.34375 0.24833333333333332 0.365 0.43333333333333335
