1 0.595625 0.05226480836236934 0.05625 0.03484320557491289
1 0.1475 0.046167247386759584 0.0925 0.036585365853658534
1 0.623125 0.36585365853658536 0.07625 0.041811846689895474
1 0.4275 0.662020905923345 0.175 0.041811846689895474
1 0.12125 0.5052264808362369 0.0675 0.03832752613240418
1 0.14125 0.35365853658536583 0.055 0.03832752613240418
1 0.291875 0.3475609756097561 0.05125 0.029616724738675958
1 0.77625 0.367595818815331 0.0675 0.041811846689895474
1 0.91375 0.3641114982578397 0.0425 0.024390243902439025
3 0.435625 0.27090592334494773 0.02375 0.033101045296167246
1 0.44375 0.20644599303135888 0.115 0.02613240418118467
1 0.45875 0.3510452961672474 0.09 0.02613240418118467
5 0.445625 0.2308362369337979 0.13375 0.18641114982578397
3 0.1375 0.2534843205574913 0.0325 0.036585365853658534
1 0.135 0.1986062717770035 0.09 0.020905923344947737
5 0.145 0.2264808362369338 0.135 0.18815331010452963
3 0.288125 0.2682926829268293 0.02625 0.027874564459930314
1 0.29125 0.20034843205574912 0.0875 0.024390243902439025
5 0.295625 0.22909407665505227 0.13125 0.18989547038327526
1 0.606875 0.5130662020905923 0.06375 0.033101045296167246
1 0.6225 0.21341463414634146 0.0575 0.036585365853658534
2 0.6125 0.2682926829268293 0.045 0.04529616724738676
1 0.775625 0.21777003484320556 0.10375 0.027874564459930314
2 0.769375 0.27090592334494773 0.04375 0.04006968641114982
2 0.908125 0.27526132404181186 0.04125 0.041811846689895474
1 0.918125 0.2273519163763066 0.05125 0.029616724738675958
4 0.628125 0.2421602787456446 0.13625 0.1916376306620209
4 0.779375 0.24390243902439024 0.13625 0.1916376306620209
4 0.926875 0.24825783972125434 0.13625 0.19337979094076654
1 0.75125 0.75 0.085 0.04006968641114982
7 0.226875 0.7961672473867596 0.20125 0.24390243902439024
0 0.275625 0.22996515679442509 0.55125 0.45993031358885017
0 0.275 0.7212543554006968 0.55 0.554006968641115
0 0.771875 0.23606271777003485 0.45625 0.4686411149825784
0 0.77 0.7264808362369338 0.4575 0.5470383275261324
1 0.455625 0.710801393728223 0.16625 0.03832752613240418
1 0.44625 0.7717770034843205 0.0675 0.041811846689895474
