0 0.76125 0.2683150183150183 0.4775 0.5293040293040293
0 0.758125 0.7408424908424909 0.48375 0.5183150183150184
0 0.275 0.2664835164835165 0.5425 0.5256410256410257
0 0.270625 0.7316849816849816 0.53875 0.5366300366300366
1 0.60375 0.09065934065934066 0.0775 0.07509157509157509
3 0.641875 0.19688644688644688 0.03625 0.045787545787545784
1 0.70375 0.19597069597069597 0.0725 0.05860805860805861
3 0.646875 0.3342490842490842 0.02625 0.04212454212454213
1 0.720625 0.33882783882783885 0.10875 0.06593406593406594
3 0.645 0.4633699633699634 0.035 0.04395604395604396
1 0.700625 0.4523809523809524 0.07125 0.047619047619047616
1 0.848125 0.19597069597069597 0.12125 0.054945054945054944
1 0.861875 0.3241758241758242 0.14375 0.0695970695970696
1 0.878125 0.4194139194139194 0.16375 0.06227106227106227
1 0.641875 0.6172161172161172 0.11875 0.08424908424908426
1 0.749375 0.7866300366300366 0.11375 0.06043956043956044
1 0.429375 0.8690476190476191 0.11375 0.08241758241758242
4 0.68 0.2087912087912088 0.1375 0.12087912087912088
4 0.693125 0.34706959706959706 0.16625 0.11904761904761904
4 0.684375 0.4551282051282051 0.14875 0.08974358974358974
1 0.415 0.7353479853479854 0.1825 0.07142857142857142
1 0.4 0.652014652014652 0.205 0.08058608058608059
7 0.139375 0.8269230769230769 0.19625 0.3315018315018315
1 0.10875 0.575091575091575 0.1225 0.06593406593406594
1 0.088125 0.42216117216117216 0.08375 0.06776556776556776
1 0.26 0.413003663003663 0.0875 0.056776556776556776
1 0.435625 0.3974358974358974 0.12375 0.05860805860805861
5 0.103125 0.2591575091575092 0.12375 0.2032967032967033
5 0.265 0.25274725274725274 0.145 0.20512820512820512
5 0.436875 0.2445054945054945 0.15375 0.23626373626373626
1 0.095625 0.06318681318681318 0.12125 0.06776556776556776
