0 0.64625 0.2544444444444444 0.4025 0.5088888888888888
0 0.25375 0.7488888888888889 0.425 0.5022222222222222
0 0.2475 0.2788888888888889 0.4175 0.5577777777777778
0 0.651875 0.7411111111111112 0.40625 0.5088888888888888
1 0.115625 0.06222222222222222 0.09375 0.06222222222222222
5 0.09875 0.21666666666666667 0.115 0.14444444444444443
5 0.23875 0.2088888888888889 0.125 0.1288888888888889
5 0.375 0.22111111111111112 0.1025 0.11777777777777777
1 0.1 0.3488888888888889 0.0575 0.05333333333333334
1 0.23 0.3322222222222222 0.0725 0.04666666666666667
1 0.375 0.33 0.1 0.042222222222222223
1 0.101875 0.6 0.07625 0.05333333333333334
7 0.225 0.8522222222222222 0.2625 0.2822222222222222
1 0.34875 0.6677777777777778 0.14 0.07777777777777778
1 0.370625 0.7822222222222223 0.15375 0.10666666666666667
1 0.3675 0.91 0.07 0.04666666666666667
1 0.62 0.7344444444444445 0.06 0.042222222222222223
1 0.49625 0.5644444444444444 0.06 0.035555555555555556
1 0.69625 0.4066666666666667 0.115 0.057777777777777775
1 0.70875 0.26 0.1525 0.04888888888888889
1 0.6825 0.12222222222222222 0.085 0.035555555555555556
1 0.49 0.03 0.0425 0.03777777777777778
1 0.56 0.1322222222222222 0.0625 0.028888888888888888
3 0.529375 0.10777777777777778 0.01375 0.024444444444444446
4 0.56 0.11666666666666667 0.0825 0.09111111111111111
3 0.5275 0.2388888888888889 0.0125 0.02
1 0.56 0.27111111111111114 0.0825 0.035555555555555556
4 0.55875 0.26555555555555554 0.09 0.11333333333333333
1 0.558125 0.43666666666666665 0.04375 0.042222222222222223
3 0.52625 0.40555555555555556 0.0125 0.024444444444444446
0 0.5625 0.4211111111111111 0.1025 0.11777777777777777
