5 0.159375 0.21555555555555556 0.07625 0.13333333333333333
5 0.2825 0.21444444444444444 0.085 0.12666666666666668
5 0.395 0.21555555555555556 0.09 0.13333333333333333
4 0.52625 0.18777777777777777 0.1175 0.14888888888888888
4 0.660625 0.1811111111111111 0.12125 0.14444444444444443
4 0.790625 0.17444444444444446 0.11375 0.14888888888888888
7 0.2175 0.7033333333333334 0.215 0.30444444444444446
1 0.3925 0.5844444444444444 0.105 0.07111111111111111
1 0.484375 0.4777777777777778 0.04875 0.04
1 0.1625 0.04555555555555556 0.0725 0.03777777777777778
1 0.139375 0.3411111111111111 0.04375 0.04666666666666667
1 0.27625 0.32222222222222224 0.0475 0.04
1 0.386875 0.32 0.06625 0.035555555555555556
1 0.485625 0.03888888888888889 0.04875 0.03777777777777778
1 0.124375 0.4911111111111111 0.05125 0.035555555555555556
1 0.5 0.3088888888888889 0.0725 0.035555555555555556
1 0.6425 0.2922222222222222 0.07 0.03333333333333333
1 0.768125 0.28555555555555556 0.04125 0.028888888888888888
0 0.27625 0.2388888888888889 0.36 0.44666666666666666
0 0.664375 0.23333333333333334 0.42625 0.44
0 0.67 0.7022222222222222 0.4375 0.5422222222222223
0 0.27125 0.7044444444444444 0.3825 0.52
1 0.61375 0.6177777777777778 0.065 0.04
1 0.405 0.7211111111111111 0.06 0.042222222222222223
1 0.39875 0.6555555555555556 0.1125 0.044444444444444446
1 0.28125 0.18888888888888888 0.06 0.03111111111111111
1 0.155625 0.19 0.05625 0.028888888888888888
1 0.390625 0.19777777777777777 0.05625 0.05333333333333334
3 0.394375 0.24 0.02125 0.04
3 0.280625 0.2388888888888889 0.02125 0.03333333333333333
3 0.150625 0.23333333333333334 0.01875 0.04
1 0.515625 0.16111111111111112 0.05375 0.03777777777777778
1 0.65375 0.14555555555555555 0.095 0.03333333333333333
1 0.775 0.14444444444444443 0.0425 0.03111111111111111
2 0.516875 0.20666666666666667 0.04375 0.04888888888888889
2 0.65875 0.18777777777777777 0.0375 0.051111111111111114
2 0.784375 0.18888888888888888 0.04125 0.04888888888888889
