0 0.715 0.231239092495637 0.495 0.4031413612565445
0 0.713125 0.6692844677137871 0.50125 0.5113438045375218
0 0.26125 0.22425828970331588 0.43 0.3961605584642234
0 0.26 0.6657940663176265 0.4275 0.5148342059336823
5 0.144375 0.21029668411867364 0.09375 0.13089005235602094
5 0.286875 0.20680628272251309 0.10625 0.13787085514834205
5 0.411875 0.2024432809773124 0.09875 0.1431064572425829
1 0.41125 0.3193717277486911 0.0825 0.04537521815008726
1 0.270625 0.30977312390924955 0.05625 0.03664921465968586
1 0.1275 0.32024432809773123 0.0575 0.05410122164048865
1 0.12375 0.049738219895287955 0.085 0.03315881326352531
1 0.100625 0.44851657940663175 0.06625 0.038394415357766144
7 0.150625 0.6099476439790575 0.19375 0.27399650959860383
1 0.3825 0.49476439790575916 0.15 0.04712041884816754
1 0.3975 0.518324607329843 0.1275 0.031413612565445025
1 0.403125 0.5724258289703316 0.08125 0.05235602094240838
1 0.51375 0.4598603839441536 0.05 0.04013961605584642
1 0.608125 0.5828970331588132 0.07875 0.055846422338568937
3 0.53625 0.36300174520069806 0.015 0.027923211169284468
1 0.57625 0.3568935427574171 0.0475 0.04013961605584642
3 0.539375 0.2356020942408377 0.01625 0.031413612565445025
1 0.58625 0.23734729493891799 0.065 0.038394415357766144
3 0.54875 0.12041884816753927 0.02 0.041884816753926704
1 0.595625 0.12827225130890052 0.04875 0.03664921465968586
1 0.514375 0.060209424083769635 0.04625 0.04013961605584642
4 0.5775 0.14048865619546247 0.09 0.10296684118673648
4 0.579375 0.2556719022687609 0.10125 0.09947643979057591
4 0.571875 0.3682373472949389 0.10125 0.09424083769633508
1 0.713125 0.36649214659685864 0.11625 0.05235602094240838
1 0.706875 0.2661431064572426 0.11875 0.05410122164048865
1 0.691875 0.14921465968586387 0.09125 0.04712041884816754
