1 0.1525 0.1375 0.07 0.03166666666666667
1 0.1625 0.28583333333333333 0.0875 0.03166666666666667
1 0.28625 0.28583333333333333 0.085 0.028333333333333332
1 0.42875 0.27416666666666667 0.085 0.065
1 0.57 0.14666666666666667 0.0475 0.03
1 0.59625 0.39166666666666666 0.0675 0.03333333333333333
1 0.7425 0.3933333333333333 0.06 0.04
1 0.859375 0.38666666666666666 0.04125 0.02666666666666667
1 0.576875 0.5216666666666666 0.04875 0.03
1 0.65875 0.6608333333333334 0.0675 0.028333333333333332
1 0.3975 0.6 0.1525 0.04666666666666667
1 0.151875 0.5658333333333333 0.06625 0.041666666666666664
1 0.155 0.415 0.0425 0.04
1 0.285625 0.39666666666666667 0.04875 0.02666666666666667
1 0.426875 0.38083333333333336 0.06625 0.03166666666666667
5 0.1625 0.2975 0.1125 0.15166666666666667
5 0.2875 0.29333333333333333 0.11 0.14333333333333334
5 0.42875 0.2866666666666667 0.105 0.13333333333333333
3 0.571875 0.2866666666666667 0.01625 0.03
3 0.716875 0.28583333333333333 0.01875 0.028333333333333332
3 0.83125 0.2916666666666667 0.0175 0.02666666666666667
4 0.601875 0.29333333333333333 0.09625 0.12
4 0.739375 0.29333333333333333 0.09625 0.12
4 0.855 0.3016666666666667 0.0825 0.11333333333333333
8 0.220625 0.7358333333333333 0.20625 0.21166666666666667
0 0.30375 0.25 0.4525 0.47
0 0.729375 0.27416666666666667 0.42125 0.485
0 0.743125 0.7075 0.44125 0.45166666666666666
0 0.283125 0.7125 0.49625 0.47833333333333333
1 0.421875 0.6633333333333333 0.16625 0.04
1 0.426875 0.74 0.14125 0.03666666666666667
