1 0.57375 0.37416666666666665 0.11 0.035
1 0.56125 0.2941666666666667 0.0525 0.041666666666666664
3 0.56 0.2475 0.03 0.03166666666666667
5 0.56125 0.26916666666666667 0.0825 0.12166666666666667
1 0.75 0.36833333333333335 0.1425 0.03666666666666667
1 0.754375 0.30583333333333335 0.14875 0.051666666666666666
1 0.74875 0.23916666666666667 0.145 0.058333333333333334
1 0.63875 0.15666666666666668 0.1475 0.06
0 0.678125 0.2725 0.35375 0.365
1 0.651875 0.5125 0.13875 0.058333333333333334
1 0.639375 0.59 0.06125 0.04
2 0.63625 0.6741666666666667 0.125 0.125
0 0.680625 0.6733333333333333 0.35375 0.4266666666666667
1 0.3225 0.5041666666666667 0.0775 0.058333333333333334
1 0.413125 0.5658333333333333 0.04875 0.021666666666666667
5 0.413125 0.5658333333333333 0.07875 0.041666666666666664
1 0.316875 0.6266666666666667 0.04625 0.02666666666666667
5 0.31875 0.6266666666666667 0.0825 0.04666666666666667
3 0.42 0.7208333333333333 0.035 0.035
3 0.33625 0.7316666666666667 0.035 0.03
3 0.22125 0.725 0.0475 0.03666666666666667
1 0.225625 0.5625 0.04625 0.021666666666666667
5 0.229375 0.565 0.08125 0.04
0 0.314375 0.6775 0.37625 0.4216666666666667
1 0.411875 0.41333333333333333 0.05125 0.03
3 0.415 0.3625 0.0375 0.045
1 0.279375 0.345 0.06125 0.05
1 0.19125 0.34 0.0425 0.03
1 0.41 0.27 0.0725 0.03
3 0.195 0.2916666666666667 0.0425 0.043333333333333335
3 0.280625 0.2925 0.03875 0.041666666666666664
3 0.39375 0.225 0.0375 0.04666666666666667
1 0.310625 0.14833333333333334 0.14875 0.07333333333333333
0 0.3275 0.27666666666666667 0.3525 0.37666666666666665
