0 0.26625 0.22916666666666666 0.4225 0.40166666666666667
0 0.701875 0.22916666666666666 0.44875 0.3983333333333333
0 0.2675 0.625 0.4225 0.3933333333333333
1 0.375625 0.6183333333333333 0.19625 0.17333333333333334
0 0.7025 0.625 0.4475 0.3933333333333333
1 0.11375 0.4866666666666667 0.0775 0.05333333333333334
6 0.191875 0.6425 0.15625 0.23166666666666666
1 0.105625 0.0625 0.09875 0.051666666666666666
1 0.148125 0.14 0.07875 0.03333333333333333
1 0.349375 0.14916666666666667 0.08125 0.035
1 0.236875 0.29 0.07125 0.043333333333333335
2 0.145 0.18333333333333332 0.0525 0.05
2 0.343125 0.19416666666666665 0.04625 0.041666666666666664
2 0.245625 0.3475 0.05875 0.055
5 0.148125 0.16166666666666665 0.09375 0.12333333333333334
5 0.344375 0.16166666666666665 0.09625 0.14666666666666667
5 0.244375 0.3233333333333333 0.09875 0.14333333333333334
1 0.541875 0.08 0.08125 0.06333333333333334
1 0.539375 0.22333333333333333 0.04625 0.043333333333333335
1 0.685 0.21333333333333335 0.09 0.043333333333333335
1 0.823125 0.24166666666666667 0.04375 0.056666666666666664
4 0.555625 0.2175 0.10875 0.14166666666666666
4 0.69125 0.22166666666666668 0.1025 0.14666666666666667
4 0.824375 0.23916666666666667 0.10875 0.14166666666666666
1 0.521875 0.4708333333333333 0.05625 0.04833333333333333
1 0.640625 0.6141666666666666 0.06625 0.09166666666666666
