5 0.219375 0.2633333333333333 0.13375 0.15333333333333332
5 0.4325 0.235 0.1525 0.15
5 0.338125 0.345 0.12625 0.15333333333333332
4 0.605625 0.2775 0.11375 0.14166666666666666
4 0.75875 0.26916666666666667 0.1775 0.14833333333333334
4 0.909375 0.2608333333333333 0.10375 0.11833333333333333
1 0.1775 0.16916666666666666 0.0825 0.058333333333333334
1 0.215 0.24583333333333332 0.105 0.035
1 0.42875 0.23083333333333333 0.135 0.045
1 0.335625 0.33416666666666667 0.10125 0.035
1 0.58875 0.15916666666666668 0.065 0.051666666666666666
1 0.61 0.2758333333333333 0.0775 0.045
1 0.754375 0.2525 0.15625 0.07166666666666667
1 0.903125 0.24 0.05875 0.04666666666666667
1 0.19375 0.5575 0.0675 0.04833333333333333
1 0.426875 0.6058333333333333 0.17625 0.065
1 0.4325 0.6483333333333333 0.185 0.06333333333333334
1 0.40375 0.7025 0.1225 0.065
1 0.604375 0.515 0.07875 0.043333333333333335
1 0.661875 0.6375 0.08625 0.07833333333333334
2 0.20875 0.2841666666666667 0.04 0.04833333333333333
2 0.420625 0.26666666666666666 0.04125 0.05
2 0.338125 0.37583333333333335 0.04375 0.04833333333333333
6 0.241875 0.7233333333333334 0.15375 0.2
0 0.32125 0.3 0.45 0.41
0 0.75125 0.2866666666666667 0.445 0.3933333333333333
0 0.323125 0.6983333333333334 0.44625 0.4533333333333333
0 0.7525 0.6858333333333333 0.4475 0.4483333333333333
