1 0.313125 0.051111111111111114 0.17375 0.07555555555555556
1 0.714375 0.025555555555555557 0.19125 0.051111111111111114
1 0.16 0.3333333333333333 0.06 0.057777777777777775
1 0.27125 0.31777777777777777 0.0875 0.05333333333333334
1 0.416875 0.1711111111111111 0.08625 0.05333333333333334
1 0.4025 0.32222222222222224 0.0775 0.044444444444444446
1 0.795625 0.10333333333333333 0.15625 0.07333333333333333
1 0.805625 0.14888888888888888 0.16625 0.04888888888888889
1 0.7875 0.20666666666666667 0.1375 0.044444444444444446
1 0.593125 0.21 0.07375 0.06
1 0.606875 0.31222222222222223 0.12625 0.06
1 0.329375 0.5644444444444444 0.06625 0.08
1 0.208125 0.6522222222222223 0.05625 0.05555555555555555
1 0.268125 0.7577777777777778 0.06125 0.07555555555555556
1 0.3425 0.6488888888888888 0.0675 0.05333333333333334
1 0.71 0.5455555555555556 0.1525 0.07333333333333333
1 0.720625 0.6255555555555555 0.06375 0.042222222222222223
3 0.146875 0.27111111111111114 0.03375 0.05333333333333334
3 0.241875 0.25222222222222224 0.03375 0.06888888888888889
3 0.370625 0.14444444444444443 0.02625 0.05333333333333334
3 0.37875 0.27 0.025 0.05555555555555555
3 0.5925 0.14222222222222222 0.03 0.044444444444444446
3 0.1675 0.8722222222222222 0.0325 0.051111111111111114
2 0.711875 0.7122222222222222 0.14875 0.17555555555555555
5 0.598125 0.19666666666666666 0.11375 0.17555555555555555
3 0.261875 0.8866666666666667 0.03375 0.04
3 0.336875 0.8366666666666667 0.02875 0.04666666666666667
5 0.20625 0.65 0.07 0.09111111111111111
5 0.269375 0.7588888888888888 0.08875 0.1
5 0.34625 0.6466666666666666 0.0875 0.08
0 0.31875 0.2688888888888889 0.44 0.5288888888888889
0 0.71 0.26666666666666666 0.4175 0.5333333333333333
0 0.330625 0.7433333333333333 0.45625 0.4866666666666667
0 0.7275 0.7422222222222222 0.3975 0.48444444444444446
