1 0.59375 0.14333333333333334 0.0725 0.043333333333333335
3 0.575625 0.27666666666666667 0.02125 0.03333333333333333
4 0.61625 0.2816666666666667 0.1225 0.12333333333333334
4 0.738125 0.2816666666666667 0.10875 0.12
4 0.850625 0.2825 0.10625 0.11833333333333333
1 0.616875 0.3858333333333333 0.10125 0.045
1 0.754375 0.38083333333333336 0.08875 0.051666666666666666
1 0.8575 0.37 0.0525 0.03666666666666667
1 0.6125 0.49916666666666665 0.085 0.04833333333333333
1 0.688125 0.6725 0.13375 0.065
1 0.439375 0.5125 0.21375 0.065
1 0.438125 0.5966666666666667 0.21625 0.05
1 0.45625 0.6775 0.17 0.04833333333333333
8 0.260625 0.7 0.21875 0.2833333333333333
1 0.211875 0.3441666666666667 0.06875 0.045
1 0.230625 0.5058333333333334 0.12125 0.058333333333333334
1 0.3325 0.3475 0.07 0.045
1 0.47375 0.36083333333333334 0.1025 0.041666666666666664
1 0.226875 0.22083333333333333 0.09625 0.041666666666666664
1 0.34875 0.23416666666666666 0.0875 0.03833333333333333
1 0.465625 0.25083333333333335 0.10625 0.08833333333333333
1 0.255625 0.09916666666666667 0.14375 0.051666666666666666
5 0.22875 0.24333333333333335 0.115 0.12333333333333334
5 0.346875 0.25333333333333335 0.10375 0.12333333333333334
5 0.465 0.2625 0.1125 0.135
3 0.71125 0.2758333333333333 0.025 0.035
3 0.819375 0.2791666666666667 0.02375 0.03166666666666667
0 0.3525 0.27 0.4075 0.4033333333333333
0 0.346875 0.6775 0.42625 0.455
0 0.746875 0.6783333333333333 0.39125 0.45666666666666667
0 0.728125 0.28 0.37375 0.38
