0 0.248125 0.29777777777777775 0.44375 0.5511111111111111
0 0.69125 0.2911111111111111 0.4775 0.5066666666666667
0 0.24125 0.7633333333333333 0.4325 0.4688888888888889
0 0.681875 0.7611111111111111 0.49625 0.47333333333333333
1 0.3325 0.6255555555555555 0.19 0.07777777777777778
1 0.335625 0.7 0.19125 0.06666666666666667
1 0.304375 0.76 0.12625 0.07111111111111111
6 0.13875 0.8388888888888889 0.1325 0.23333333333333334
1 0.110625 0.6088888888888889 0.07375 0.07111111111111111
1 0.221875 0.35777777777777775 0.06125 0.04888888888888889
2 0.2075 0.4288888888888889 0.02 0.04
5 0.219375 0.40444444444444444 0.10375 0.1688888888888889
2 0.314375 0.24333333333333335 0.02875 0.04666666666666667
1 0.32 0.17222222222222222 0.0925 0.05555555555555555
5 0.320625 0.21222222222222223 0.11375 0.19333333333333333
2 0.155 0.23777777777777778 0.0225 0.03111111111111111
1 0.174375 0.17777777777777778 0.06875 0.04
5 0.16625 0.2111111111111111 0.1 0.17333333333333334
1 0.145625 0.07111111111111111 0.08125 0.04888888888888889
1 0.51 0.09777777777777778 0.0475 0.05333333333333334
1 0.5325 0.3288888888888889 0.06 0.06666666666666667
4 0.53625 0.3288888888888889 0.0925 0.12
1 0.66875 0.32666666666666666 0.0725 0.05333333333333334
4 0.670625 0.32222222222222224 0.08375 0.10666666666666667
1 0.80125 0.30777777777777776 0.05 0.04666666666666667
4 0.810625 0.31444444444444447 0.09625 0.10888888888888888
1 0.485 0.5766666666666667 0.05 0.04666666666666667
1 0.539375 0.7677777777777778 0.04875 0.1
