1 0.161875 0.10492700729927007 0.08375 0.03467153284671533
1 0.1425 0.34854014598540145 0.0475 0.04744525547445255
1 0.266875 0.3512773722627737 0.04625 0.03467153284671533
1 0.403125 0.3531021897810219 0.09125 0.03467153284671533
5 0.16625 0.26186131386861317 0.095 0.11861313868613138
5 0.266875 0.26277372262773724 0.09375 0.11678832116788321
5 0.375 0.27463503649635035 0.0925 0.11496350364963503
0 0.30125 0.2591240875912409 0.4425 0.40875912408759124
1 0.5675 0.12682481751824817 0.0575 0.03467153284671533
1 0.606875 0.20529197080291972 0.04625 0.03467153284671533
1 0.62625 0.2965328467153285 0.11 0.03102189781021898
1 0.613125 0.38503649635036497 0.06125 0.032846715328467155
1 0.73875 0.19616788321167883 0.1075 0.03467153284671533
1 0.789375 0.29014598540145986 0.15375 0.0364963503649635
1 0.775 0.3886861313868613 0.12 0.043795620437956206
3 0.5775 0.19434306569343066 0.0175 0.02737226277372263
3 0.555625 0.2947080291970803 0.02125 0.03102189781021898
3 0.5675 0.38503649635036497 0.03 0.0364963503649635
4 0.604375 0.20164233576642335 0.08375 0.07116788321167883
4 0.61375 0.3001824817518248 0.155 0.060218978102189784
4 0.60375 0.3822992700729927 0.1175 0.06386861313868614
0 0.70625 0.30200729927007297 0.4075 0.4470802919708029
1 0.12125 0.5127737226277372 0.0675 0.040145985401459854
1 0.430625 0.5611313868613139 0.09875 0.07846715328467153
1 0.445 0.6487226277372263 0.0875 0.07846715328467153
1 0.461875 0.7417883211678832 0.07125 0.04927007299270073
7 0.23125 0.7034671532846716 0.255 0.2791970802919708
0 0.27375 0.7235401459854015 0.4925 0.5492700729927007
1 0.569375 0.5155109489051095 0.07375 0.03832116788321168
1 0.663125 0.6715328467153284 0.07125 0.051094890510948905
0 0.71625 0.7271897810218978 0.4275 0.5383211678832117
