6 0.215625 0.755 0.16125 0.20333333333333334
4 0.906875 0.29 0.10375 0.12666666666666668
4 0.771875 0.3075 0.13125 0.13833333333333334
4 0.628125 0.345 0.11125 0.15666666666666668
5 0.17375 0.3375 0.1375 0.165
5 0.410625 0.26166666666666666 0.15625 0.16333333333333333
5 0.305625 0.4275 0.13875 0.175
1 0.61625 0.5483333333333333 0.0725 0.05
1 0.6625 0.6466666666666666 0.055 0.06666666666666667
1 0.68625 0.725 0.0775 0.05333333333333334
1 0.5675 0.2025 0.06 0.04833333333333333
1 0.6175 0.3375 0.07 0.055
1 0.77375 0.305 0.1075 0.05333333333333334
1 0.909375 0.2875 0.05375 0.051666666666666666
1 0.415625 0.23166666666666666 0.11875 0.05333333333333334
2 0.401875 0.28 0.06625 0.06
1 0.30625 0.38916666666666666 0.1125 0.04833333333333333
2 0.309375 0.4475 0.06625 0.06833333333333333
1 0.17625 0.2991666666666667 0.1025 0.045
2 0.16625 0.36083333333333334 0.0575 0.06166666666666667
1 0.131875 0.21583333333333332 0.08875 0.045
1 0.41 0.5983333333333334 0.18 0.08
1 0.41125 0.6525 0.185 0.07833333333333334
1 0.40375 0.7141666666666666 0.16 0.08833333333333333
1 0.14125 0.5891666666666666 0.085 0.055
0 0.30625 0.7283333333333334 0.525 0.4533333333333333
0 0.76875 0.68 0.4625 0.4533333333333333
0 0.754375 0.31916666666666665 0.49125 0.3983333333333333
0 0.2975 0.3525 0.49 0.4116666666666667
