1 0.255625 0.17604166666666668 0.06375 0.03125
1 0.27375 0.2625 0.0675 0.03333333333333333
1 0.355625 0.25 0.05625 0.029166666666666667
1 0.44125 0.2520833333333333 0.085 0.03333333333333333
1 0.243125 0.3854166666666667 0.03875 0.03333333333333333
1 0.3525 0.37604166666666666 0.0425 0.03125
1 0.44375 0.38645833333333335 0.0575 0.027083333333333334
1 0.52 0.146875 0.045 0.027083333333333334
1 0.534375 0.23229166666666667 0.03875 0.035416666666666666
1 0.62 0.22083333333333333 0.0725 0.029166666666666667
1 0.69875 0.22083333333333333 0.035 0.029166666666666667
1 0.524375 0.378125 0.05625 0.035416666666666666
1 0.61375 0.3697916666666667 0.05 0.035416666666666666
1 0.699375 0.36354166666666665 0.03125 0.027083333333333334
1 0.273125 0.5510416666666667 0.04875 0.03125
1 0.425 0.6364583333333333 0.1325 0.035416666666666666
1 0.42375 0.684375 0.12 0.03125
1 0.415625 0.7260416666666667 0.04875 0.03125
1 0.5375 0.534375 0.0525 0.03125
1 0.59125 0.6427083333333333 0.0575 0.03125
3 0.27125 0.3020833333333333 0.02 0.029166666666666667
3 0.353125 0.30104166666666665 0.02125 0.03125
3 0.438125 0.296875 0.03375 0.04375
2 0.53125 0.2708333333333333 0.025 0.03333333333333333
2 0.60875 0.26458333333333334 0.035 0.05
2 0.691875 0.2677083333333333 0.02125 0.03125
7 0.265625 0.6416666666666667 0.06875 0.12083333333333333
5 0.274375 0.2833333333333333 0.08625 0.125
5 0.355625 0.275 0.07375 0.125
5 0.44125 0.2760416666666667 0.0925 0.13958333333333334
4 0.529375 0.25625 0.06875 0.10833333333333334
4 0.618125 0.2520833333333333 0.09375 0.12083333333333333
4 0.698125 0.2520833333333333 0.06125 0.11666666666666667
0 0.325625 0.28958333333333336 0.34125 0.3958333333333333
0 0.653125 0.28541666666666665 0.33875 0.4
0 0.329375 0.6864583333333333 0.34875 0.42291666666666666
0 0.661875 0.68125 0.34125 0.4166666666666667
