1 0.763125 0.3780487804878049 0.05625 0.04656319290465632
1 0.63375 0.376940133037694 0.0675 0.07982261640798226
1 0.5075 0.37028824833702884 0.08 0.05321507760532151
1 0.405625 0.36585365853658536 0.09375 0.04878048780487805
1 0.27125 0.360310421286031 0.0725 0.04656319290465632
1 0.145 0.35698447893569846 0.0675 0.06208425720620843
1 0.5075 0.5288248337028825 0.0675 0.050997782705099776
1 0.114375 0.5099778270509978 0.06375 0.04434589800443459
1 0.365625 0.5576496674057649 0.15125 0.06430155210643015
1 0.358125 0.6385809312638581 0.14125 0.04878048780487805
1 0.375625 0.7150776053215078 0.09875 0.04212860310421286
8 0.168125 0.6995565410199557 0.15625 0.24611973392461198
1 0.57875 0.7439024390243902 0.075 0.04212860310421286
1 0.505 0.10310421286031042 0.0525 0.04656319290465632
1 0.138125 0.09090909090909091 0.08125 0.04878048780487805
1 0.14125 0.21507760532150777 0.0825 0.057649667405764965
1 0.283125 0.20288248337028825 0.09875 0.04212860310421286
1 0.400625 0.23725055432372505 0.08125 0.08869179600886919
3 0.5025 0.23170731707317074 0.0175 0.04212860310421286
3 0.64 0.24057649667405764 0.0175 0.04656319290465632
3 0.768125 0.24501108647450112 0.02125 0.04212860310421286
4 0.795 0.25942350332594233 0.0875 0.15077605321507762
4 0.666875 0.2516629711751663 0.08875 0.15299334811529933
4 0.531875 0.24722838137472283 0.09125 0.15299334811529933
5 0.404375 0.24833702882483372 0.10625 0.17738359201773837
5 0.28125 0.23503325942350334 0.1225 0.18625277161862527
5 0.140625 0.2361419068736142 0.10625 0.18403547671840353
0 0.274375 0.2660753880266075 0.38875 0.3991130820399113
0 0.26875 0.7150776053215078 0.39 0.5476718403547672
0 0.6475 0.2982261640798226 0.3875 0.44124168514412415
0 0.643125 0.7250554323725056 0.39375 0.549889135254989
