0 0.33 0.27 0.3275 0.41555555555555557
0 0.65375 0.26666666666666666 0.34 0.44
0 0.658125 0.7066666666666667 0.33625 0.47555555555555556
0 0.335 0.6955555555555556 0.3375 0.4666666666666667
1 0.653125 0.6722222222222223 0.08375 0.06888888888888889
1 0.541875 0.52 0.05125 0.035555555555555556
1 0.73125 0.38333333333333336 0.0975 0.03333333333333333
1 0.7475 0.27444444444444444 0.1 0.03333333333333333
1 0.736875 0.19 0.07375 0.042222222222222223
1 0.6225 0.38 0.04 0.02666666666666667
1 0.643125 0.29 0.08375 0.03777777777777778
1 0.629375 0.19777777777777777 0.04625 0.035555555555555556
3 0.593125 0.19666666666666666 0.02125 0.042222222222222223
3 0.590625 0.2922222222222222 0.01875 0.042222222222222223
3 0.58875 0.37666666666666665 0.0175 0.028888888888888888
1 0.536875 0.12222222222222222 0.05125 0.04
1 0.23 0.14222222222222222 0.0725 0.044444444444444446
1 0.26 0.4011111111111111 0.035 0.042222222222222223
1 0.33625 0.4066666666666667 0.0375 0.02666666666666667
1 0.44125 0.4033333333333333 0.0725 0.03777777777777778
1 0.44 0.64 0.1025 0.044444444444444446
1 0.445 0.6922222222222222 0.095 0.03333333333333333
1 0.439375 0.7588888888888888 0.05875 0.051111111111111114
7 0.293125 0.7088888888888889 0.12625 0.2311111111111111
1 0.2475 0.5155555555555555 0.055 0.03111111111111111
5 0.4275 0.3244444444444444 0.0725 0.1288888888888889
5 0.346875 0.32 0.08125 0.14222222222222222
5 0.2675 0.3055555555555556 0.0775 0.15777777777777777
4 0.615625 0.37444444444444447 0.08125 0.07333333333333333
4 0.63625 0.2788888888888889 0.1125 0.09111111111111111
4 0.625 0.18222222222222223 0.09 0.09333333333333334
