1 0.6725 0.7045028142589118 0.125 0.04127579737335835
1 0.605625 0.550656660412758 0.11875 0.03564727954971857
0 0.726875 0.7434333958724203 0.54625 0.5131332082551595
0 0.245 0.7401500938086304 0.49 0.5196998123827392
1 0.109375 0.5337711069418386 0.10625 0.028142589118198873
7 0.175 0.7199812382739212 0.3 0.16416510318949343
1 0.309375 0.825984990619137 0.29375 0.029080675422138838
1 0.308125 0.8639774859287055 0.28625 0.02626641651031895
1 0.26625 0.9108818011257036 0.205 0.039399624765478425
3 0.59875 0.4174484052532833 0.0325 0.024390243902439025
1 0.671875 0.4155722326454034 0.09375 0.02626641651031895
1 0.8925 0.4226078799249531 0.215 0.03470919324577861
4 0.665 0.4174484052532833 0.1925 0.10131332082551595
3 0.59375 0.2692307692307692 0.0275 0.0225140712945591
1 0.678125 0.2678236397748593 0.13125 0.025328330206378986
1 0.88375 0.27298311444652906 0.2275 0.0300187617260788
4 0.6625 0.2696998123827392 0.175 0.11726078799249531
3 0.61 0.09803001876172608 0.03 0.019699812382739212
1 0.680625 0.09849906191369606 0.09375 0.0300187617260788
1 0.870625 0.10834896810506567 0.17375 0.036585365853658534
4 0.6625 0.10975609756097561 0.17 0.11069418386491557
1 0.61375 0.02204502814258912 0.11 0.038461538461538464
0 0.744375 0.2523452157598499 0.51125 0.5046904315196998
0 0.254375 0.2453095684803002 0.50875 0.4906191369606004
5 0.351875 0.21106941838649157 0.15375 0.09380863039399624
5 0.17125 0.21482176360225141 0.1325 0.08630393996247655
5 0.046875 0.22654784240150094 0.07875 0.08348968105065666
1 0.395 0.2847091932457786 0.165 0.025328330206378986
1 0.18125 0.28377110694183866 0.095 0.03283302063789869
1 0.038125 0.3062851782363977 0.05875 0.03283302063789869
1 0.115625 0.03189493433395872 0.14375 0.04127579737335835
