1 0.575625 0.011504424778761062 0.06125 0.023008849557522124
1 0.87 0.26991150442477874 0.045 0.03008849557522124
1 0.7575 0.2752212389380531 0.0675 0.04070796460176991
1 0.608125 0.2814159292035398 0.08625 0.035398230088495575
1 0.3875 0.1584070796460177 0.1125 0.033628318584070796
1 0.24625 0.1584070796460177 0.0925 0.03008849557522124
1 0.1 0.17256637168141592 0.0925 0.03716814159292035
1 0.08875 0.019469026548672566 0.095 0.03185840707964602
1 0.38625 0.29646017699115046 0.0725 0.03008849557522124
1 0.244375 0.30796460176991153 0.04625 0.02831858407079646
1 0.081875 0.3247787610619469 0.05875 0.033628318584070796
1 0.590625 0.47079646017699117 0.05875 0.03185840707964602
1 0.64875 0.6292035398230088 0.0775 0.033628318584070796
1 0.4075 0.5769911504424778 0.1925 0.04247787610619469
1 0.41 0.6265486725663717 0.1875 0.03185840707964602
1 0.385 0.6752212389380531 0.13 0.02654867256637168
1 0.06125 0.5053097345132743 0.0675 0.03008849557522124
3 0.835 0.13982300884955753 0.0225 0.03893805309734513
3 0.72125 0.1415929203539823 0.02 0.024778761061946902
3 0.595625 0.1486725663716814 0.02125 0.035398230088495575
4 0.86625 0.13805309734513274 0.095 0.13097345132743363
4 0.75 0.14513274336283186 0.1025 0.1415929203539823
4 0.62375 0.1495575221238938 0.1025 0.13628318584070798
5 0.385625 0.1592920353982301 0.12375 0.16991150442477876
5 0.248125 0.168141592920354 0.11875 0.17699115044247787
5 0.103125 0.17787610619469027 0.11625 0.16460176991150444
8 0.17375 0.6884955752212389 0.24 0.2088495575221239
0 0.769375 0.715929203539823 0.46125 0.5681415929203539
0 0.759375 0.22123893805309736 0.48125 0.4424778761061947
0 0.27125 0.23628318584070795 0.5425 0.4725663716814159
0 0.2775 0.720353982300885 0.555 0.5592920353982301
