1 0.52625 0.078125 0.055 0.035416666666666666
3 0.581875 0.153125 0.01875 0.027083333333333334
1 0.62625 0.16145833333333334 0.05 0.035416666666666666
3 0.57625 0.2635416666666667 0.015 0.03125
1 0.628125 0.2708333333333333 0.07625 0.029166666666666667
3 0.58 0.3770833333333333 0.02 0.03333333333333333
1 0.628125 0.38125 0.04875 0.03333333333333333
1 0.78375 0.3885416666666667 0.165 0.03958333333333333
1 0.793125 0.26979166666666665 0.16125 0.05625
1 0.75375 0.16354166666666667 0.0775 0.04791666666666667
1 0.656875 0.6635416666666667 0.06625 0.04791666666666667
1 0.575625 0.5395833333333333 0.07375 0.0375
1 0.369375 0.5604166666666667 0.20625 0.04583333333333333
1 0.385 0.63125 0.185 0.0375
1 0.38875 0.7322916666666667 0.13 0.06458333333333334
7 0.15375 0.721875 0.195 0.18125
1 0.073125 0.546875 0.08375 0.035416666666666666
5 0.09625 0.20104166666666667 0.0925 0.13958333333333334
1 0.070625 0.2989583333333333 0.06125 0.035416666666666666
5 0.221875 0.19583333333333333 0.08125 0.13333333333333333
1 0.21125 0.30833333333333335 0.06 0.029166666666666667
1 0.36 0.290625 0.1075 0.03958333333333333
5 0.328125 0.18541666666666667 0.07375 0.13333333333333333
1 0.0875 0.05625 0.11 0.0375
4 0.611875 0.159375 0.09625 0.08125
4 0.615 0.271875 0.1075 0.08125
4 0.61375 0.38125 0.1 0.08333333333333333
0 0.7325 0.26666666666666666 0.535 0.5166666666666667
0 0.739375 0.7322916666666667 0.52125 0.5354166666666667
0 0.25 0.73125 0.5 0.5375
0 0.241875 0.246875 0.48375 0.48125
