1 0.144375 0.05473684210526316 0.10375 0.05894736842105263
5 0.154375 0.18105263157894738 0.10375 0.15578947368421053
5 0.261875 0.1726315789473684 0.09125 0.14736842105263157
5 0.384375 0.18210526315789474 0.11625 0.16631578947368422
1 0.54125 0.06315789473684211 0.0675 0.05473684210526316
4 0.59 0.16631578947368422 0.085 0.12631578947368421
4 0.72625 0.1431578947368421 0.1125 0.12210526315789473
4 0.8575 0.13263157894736843 0.0975 0.11789473684210526
1 0.135 0.29157894736842105 0.0575 0.07368421052631578
1 0.270625 0.2694736842105263 0.07625 0.05473684210526316
1 0.399375 0.2905263157894737 0.09875 0.05894736842105263
7 0.200625 0.7315789473684211 0.20375 0.2631578947368421
1 0.12125 0.5389473684210526 0.0875 0.05473684210526316
1 0.429375 0.6726315789473685 0.16625 0.23789473684210527
1 0.58375 0.4663157894736842 0.0725 0.06526315789473684
1 0.71125 0.6494736842105263 0.0825 0.06947368421052631
1 0.5975 0.2768421052631579 0.09 0.04421052631578947
1 0.73625 0.24526315789473685 0.0875 0.04842105263157895
1 0.85625 0.22105263157894736 0.065 0.042105263157894736
0 0.255625 0.22421052631578947 0.50625 0.4357894736842105
0 0.26625 0.7242105263157895 0.5325 0.5347368421052632
0 0.755 0.6968421052631579 0.475 0.5936842105263158
1 0.159375 0.15578947368421053 0.07875 0.05894736842105263
1 0.260625 0.15578947368421053 0.05625 0.06315789473684211
1 0.39125 0.16631578947368422 0.1 0.08
3 0.15125 0.20105263157894737 0.0325 0.035789473684210524
3 0.26375 0.20421052631578948 0.0225 0.029473684210526315
3 0.39125 0.2294736842105263 0.0325 0.037894736842105266
1 0.593125 0.13789473684210526 0.06125 0.05263157894736842
1 0.724375 0.12105263157894737 0.09375 0.035789473684210524
1 0.846875 0.11263157894736842 0.04375 0.04421052631578947
2 0.58625 0.18526315789473685 0.045 0.05052631578947368
2 0.7225 0.16842105263157894 0.05 0.04631578947368421
2 0.86 0.15157894736842106 0.0425 0.04631578947368421
