1 0.645 0.09649122807017543 0.24 0.06539074960127592
1 0.83 0.19776714513556617 0.22 0.07017543859649122
1 0.844375 0.291866028708134 0.22875 0.06379585326953748
1 0.836875 0.3708133971291866 0.20375 0.0430622009569378
3 0.5925 0.21770334928229665 0.0375 0.05582137161084529
1 0.609375 0.2727272727272727 0.09625 0.05741626794258373
5 0.608125 0.2631578947368421 0.15625 0.19457735247208932
1 0.611875 0.3843700159489633 0.17875 0.03827751196172249
1 0.24625 0.11084529505582137 0.25 0.08771929824561403
3 0.093125 0.3229665071770335 0.04375 0.05263157894736842
3 0.19625 0.3133971291866029 0.0475 0.05901116427432217
3 0.348125 0.22886762360446572 0.05375 0.07177033492822966
1 0.379375 0.2743221690590112 0.12375 0.044657097288676235
3 0.35625 0.37559808612440193 0.055 0.07496012759170653
1 0.370625 0.4473684210526316 0.08875 0.03349282296650718
1 0.200625 0.3923444976076555 0.09625 0.07655502392344497
1 0.07125 0.39473684210526316 0.0675 0.046251993620414676
1 0.728125 0.5877192982456141 0.20375 0.09090909090909091
1 0.713125 0.6626794258373205 0.07875 0.030303030303030304
2 0.6825 0.7727272727272727 0.105 0.10685805422647528
1 0.246875 0.6004784688995215 0.11875 0.0685805422647528
1 0.33625 0.6802232854864434 0.0875 0.03668261562998405
1 0.138125 0.6858054226475279 0.08875 0.044657097288676235
1 0.246875 0.7926634768740032 0.07875 0.07974481658692185
3 0.14 0.9090909090909091 0.035 0.04784688995215311
3 0.25625 0.9043062200956937 0.04 0.04784688995215311
3 0.370625 0.886762360446571 0.04125 0.051036682615629984
0 0.75 0.7472089314194578 0.5 0.4768740031897927
0 0.74 0.2751196172248804 0.505 0.5247208931419458
0 0.25875 0.28548644338118023 0.49 0.5454545454545454
0 0.266875 0.7583732057416268 0.49875 0.4513556618819777
